0, 0, Header, 1, 2, 480
1, 0, Start_track
1, 0, Time_signature, 4, 2, 24, 8
1, 0, Key_signature, 7, "major"
1, 0, Tempo, 348837
1, 0, Control_c, 0, 121, 0
1, 0, Program_c, 0, 0
1, 0, Control_c, 0, 7, 100
1, 0, Control_c, 0, 10, 64
1, 0, Control_c, 0, 91, 0
1, 0, Control_c, 0, 93, 0
1, 0, MIDI_port, 0
1, 0, Note_on_c, 0, 63, 33
1, 0, Control_c, 0, 2, 33
1, 2, Control_c, 0, 64, 127
1, 368, Control_c, 0, 2, 34
1, 479, Note_on_c, 0, 63, 0
1, 480, Note_on_c, 0, 65, 35
1, 552, Control_c, 0, 2, 35
1, 719, Note_on_c, 0, 65, 0
1, 720, Note_on_c, 0, 58, 36
1, 736, Control_c, 0, 2, 36
1, 920, Control_c, 0, 2, 37
1, 959, Note_on_c, 0, 58, 0
1, 960, Note_on_c, 0, 63, 38
1, 1104, Control_c, 0, 2, 38
1, 1288, Control_c, 0, 2, 39
1, 1439, Note_on_c, 0, 63, 0
1, 1440, Note_on_c, 0, 65, 40
1, 1472, Control_c, 0, 2, 40
1, 1656, Control_c, 0, 2, 41
1, 1679, Note_on_c, 0, 65, 0
1, 1680, Note_on_c, 0, 58, 42
1, 1840, Control_c, 0, 2, 42
1, 1919, Note_on_c, 0, 58, 0
1, 1920, Note_on_c, 0, 63, 43
1, 2024, Control_c, 0, 2, 43
1, 2208, Control_c, 0, 2, 44
1, 2392, Control_c, 0, 2, 45
1, 2399, Note_on_c, 0, 63, 0
1, 2400, Note_on_c, 0, 65, 46
1, 2639, Note_on_c, 0, 65, 0
1, 2640, Note_on_c, 0, 58, 46
1, 2641, Control_c, 0, 64, 0
1, 2642, Control_c, 0, 64, 127
1, 2879, Note_on_c, 0, 58, 0
1, 2880, Note_on_c, 0, 63, 46
1, 3119, Note_on_c, 0, 63, 0
1, 3120, Note_on_c, 0, 66, 46
1, 3359, Note_on_c, 0, 66, 0
1, 3360, Note_on_c, 0, 65, 46
1, 3599, Note_on_c, 0, 65, 0
1, 3600, Note_on_c, 0, 58, 46
1, 3601, Control_c, 0, 64, 0
1, 3602, Control_c, 0, 64, 127
1, 3839, Note_on_c, 0, 58, 0
1, 3840, Note_on_c, 0, 63, 46
1, 4319, Note_on_c, 0, 63, 0
1, 4320, Note_on_c, 0, 65, 46
1, 4559, Note_on_c, 0, 65, 0
1, 4560, Note_on_c, 0, 56, 46
1, 4561, Control_c, 0, 64, 0
1, 4562, Control_c, 0, 64, 127
1, 4799, Note_on_c, 0, 56, 0
1, 4800, Note_on_c, 0, 63, 46
1, 5279, Note_on_c, 0, 63, 0
1, 5280, Note_on_c, 0, 65, 46
1, 5519, Note_on_c, 0, 65, 0
1, 5520, Note_on_c, 0, 56, 46
1, 5759, Note_on_c, 0, 56, 0
1, 5760, Note_on_c, 0, 63, 46
1, 6239, Note_on_c, 0, 63, 0
1, 6240, Note_on_c, 0, 65, 46
1, 6479, Note_on_c, 0, 65, 0
1, 6480, Note_on_c, 0, 56, 46
1, 6481, Control_c, 0, 64, 0
1, 6482, Control_c, 0, 64, 127
1, 6719, Note_on_c, 0, 56, 0
1, 6720, Note_on_c, 0, 63, 46
1, 7199, Note_on_c, 0, 63, 0
1, 7200, Note_on_c, 0, 65, 46
1, 7439, Note_on_c, 0, 65, 0
1, 7440, Note_on_c, 0, 56, 46
1, 7679, Note_on_c, 0, 56, 0
1, 7680, Note_on_c, 0, 63, 46
1, 7681, Control_c, 0, 64, 0
1, 7682, Control_c, 0, 64, 127
1, 8159, Note_on_c, 0, 63, 0
1, 8160, Note_on_c, 0, 65, 46
1, 8399, Note_on_c, 0, 65, 0
1, 8400, Note_on_c, 0, 58, 46
1, 8639, Note_on_c, 0, 58, 0
1, 8640, Note_on_c, 0, 63, 46
1, 9119, Note_on_c, 0, 63, 0
1, 9120, Note_on_c, 0, 65, 46
1, 9359, Note_on_c, 0, 65, 0
1, 9360, Note_on_c, 0, 58, 46
1, 9599, Note_on_c, 0, 58, 0
1, 9600, Note_on_c, 0, 63, 46
1, 10079, Note_on_c, 0, 63, 0
1, 10080, Note_on_c, 0, 65, 46
1, 10319, Note_on_c, 0, 65, 0
1, 10320, Note_on_c, 0, 58, 46
1, 10559, Note_on_c, 0, 58, 0
1, 10560, Note_on_c, 0, 63, 46
1, 10799, Note_on_c, 0, 63, 0
1, 10800, Note_on_c, 0, 66, 46
1, 11039, Note_on_c, 0, 66, 0
1, 11040, Note_on_c, 0, 65, 46
1, 11279, Note_on_c, 0, 65, 0
1, 11280, Note_on_c, 0, 58, 46
1, 11281, Control_c, 0, 64, 0
1, 11282, Control_c, 0, 64, 127
1, 11519, Note_on_c, 0, 58, 0
1, 11520, Note_on_c, 0, 60, 46
1, 11759, Note_on_c, 0, 60, 0
1, 11760, Note_on_c, 0, 61, 46
1, 11999, Note_on_c, 0, 61, 0
1, 12000, Note_on_c, 0, 63, 46
1, 12239, Note_on_c, 0, 63, 0
1, 12240, Note_on_c, 0, 56, 46
1, 12241, Control_c, 0, 64, 0
1, 12242, Control_c, 0, 64, 127
1, 12479, Note_on_c, 0, 56, 0
1, 12480, Note_on_c, 0, 60, 46
1, 12719, Note_on_c, 0, 60, 0
1, 12720, Note_on_c, 0, 61, 46
1, 12959, Note_on_c, 0, 61, 0
1, 12960, Note_on_c, 0, 63, 46
1, 13199, Note_on_c, 0, 63, 0
1, 13200, Note_on_c, 0, 56, 46
1, 15251, Note_on_c, 0, 56, 0
1, 17280, Note_on_c, 0, 75, 46
1, 17281, Control_c, 0, 64, 0
1, 17507, Note_on_c, 0, 75, 0
1, 17520, Note_on_c, 0, 75, 46
1, 17747, Note_on_c, 0, 75, 0
1, 17760, Note_on_c, 0, 75, 46
1, 17987, Note_on_c, 0, 75, 0
1, 18000, Note_on_c, 0, 75, 46
1, 18227, Note_on_c, 0, 75, 0
1, 18240, Note_on_c, 0, 75, 46
1, 18467, Note_on_c, 0, 75, 0
1, 18480, Note_on_c, 0, 75, 46
1, 18707, Note_on_c, 0, 75, 0
1, 18720, Note_on_c, 0, 75, 46
1, 19175, Note_on_c, 0, 75, 0
1, 19200, Note_on_c, 0, 73, 46
1, 19919, Note_on_c, 0, 73, 0
1, 19920, Note_on_c, 0, 73, 46
1, 20159, Note_on_c, 0, 73, 0
1, 20160, Note_on_c, 0, 75, 46
1, 20399, Note_on_c, 0, 75, 0
1, 20400, Note_on_c, 0, 75, 46
1, 20639, Note_on_c, 0, 75, 0
1, 20640, Note_on_c, 0, 75, 46
1, 21119, Note_on_c, 0, 75, 0
1, 21120, Note_on_c, 0, 73, 46
1, 21839, Note_on_c, 0, 73, 0
1, 21840, Note_on_c, 0, 75, 46
1, 22319, Note_on_c, 0, 75, 0
1, 22320, Note_on_c, 0, 73, 46
1, 22559, Note_on_c, 0, 73, 0
1, 22560, Note_on_c, 0, 75, 46
1, 23039, Note_on_c, 0, 75, 0
1, 23040, Note_on_c, 0, 77, 46
1, 24863, Note_on_c, 0, 77, 0
1, 24960, Note_on_c, 0, 77, 46
1, 25439, Note_on_c, 0, 77, 0
1, 25440, Note_on_c, 0, 75, 46
1, 25919, Note_on_c, 0, 75, 0
1, 25920, Note_on_c, 0, 73, 46
1, 26399, Note_on_c, 0, 73, 0
1, 26400, Note_on_c, 0, 70, 46
1, 26855, Note_on_c, 0, 70, 0
1, 26880, Note_on_c, 0, 77, 46
1, 27359, Note_on_c, 0, 77, 0
1, 27360, Note_on_c, 0, 75, 46
1, 27839, Note_on_c, 0, 75, 0
1, 27840, Note_on_c, 0, 73, 46
1, 28319, Note_on_c, 0, 73, 0
1, 28320, Note_on_c, 0, 70, 46
1, 28775, Note_on_c, 0, 70, 0
1, 28800, Note_on_c, 0, 77, 46
1, 29279, Note_on_c, 0, 77, 0
1, 29280, Note_on_c, 0, 75, 46
1, 29759, Note_on_c, 0, 75, 0
1, 29760, Note_on_c, 0, 73, 46
1, 30899, Note_on_c, 0, 73, 0
1, 30960, Note_on_c, 0, 72, 46
1, 31871, Note_on_c, 0, 72, 0
1, 31920, Note_on_c, 0, 70, 46
1, 32603, Note_on_c, 0, 70, 0
1, 32640, Note_on_c, 0, 75, 46
1, 32867, Note_on_c, 0, 75, 0
1, 32880, Note_on_c, 0, 75, 46
1, 33107, Note_on_c, 0, 75, 0
1, 33120, Note_on_c, 0, 75, 46
1, 33347, Note_on_c, 0, 75, 0
1, 33360, Note_on_c, 0, 75, 46
1, 33587, Note_on_c, 0, 75, 0
1, 33600, Note_on_c, 0, 75, 46
1, 33827, Note_on_c, 0, 75, 0
1, 33840, Note_on_c, 0, 75, 46
1, 34067, Note_on_c, 0, 75, 0
1, 34080, Note_on_c, 0, 75, 46
1, 34535, Note_on_c, 0, 75, 0
1, 34560, Note_on_c, 0, 73, 46
1, 35279, Note_on_c, 0, 73, 0
1, 35280, Note_on_c, 0, 73, 46
1, 35519, Note_on_c, 0, 73, 0
1, 35520, Note_on_c, 0, 75, 46
1, 35759, Note_on_c, 0, 75, 0
1, 35760, Note_on_c, 0, 75, 46
1, 35999, Note_on_c, 0, 75, 0
1, 36000, Note_on_c, 0, 75, 46
1, 36479, Note_on_c, 0, 75, 0
1, 36480, Note_on_c, 0, 73, 46
1, 37199, Note_on_c, 0, 73, 0
1, 37200, Note_on_c, 0, 75, 46
1, 37679, Note_on_c, 0, 75, 0
1, 37680, Note_on_c, 0, 73, 46
1, 37919, Note_on_c, 0, 73, 0
1, 37920, Note_on_c, 0, 75, 46
1, 38399, Note_on_c, 0, 75, 0
1, 38400, Note_on_c, 0, 73, 46
1, 38879, Note_on_c, 0, 73, 0
1, 38880, Note_on_c, 0, 75, 46
1, 39359, Note_on_c, 0, 75, 0
1, 39360, Note_on_c, 0, 73, 46
1, 39839, Note_on_c, 0, 73, 0
1, 39840, Note_on_c, 0, 75, 46
1, 40319, Note_on_c, 0, 75, 0
1, 40320, Note_on_c, 0, 77, 46
1, 40799, Note_on_c, 0, 77, 0
1, 40800, Note_on_c, 0, 77, 46
1, 41711, Note_on_c, 0, 77, 0
1, 41760, Note_on_c, 0, 77, 46
1, 42479, Note_on_c, 0, 77, 0
1, 42480, Note_on_c, 0, 75, 46
1, 42719, Note_on_c, 0, 75, 0
1, 42720, Note_on_c, 0, 75, 46
1, 43631, Note_on_c, 0, 75, 0
1, 43680, Note_on_c, 0, 73, 46
1, 43919, Note_on_c, 0, 73, 0
1, 43920, Note_on_c, 0, 73, 46
1, 44399, Note_on_c, 0, 73, 0
1, 44400, Note_on_c, 0, 73, 46
1, 44639, Note_on_c, 0, 73, 0
1, 44640, Note_on_c, 0, 73, 46
1, 44879, Note_on_c, 0, 73, 0
1, 44880, Note_on_c, 0, 72, 46
1, 45119, Note_on_c, 0, 72, 0
1, 45120, Note_on_c, 0, 70, 46
1, 46487, Note_on_c, 0, 70, 0
1, 46560, Note_on_c, 0, 70, 46
1, 47471, Note_on_c, 0, 70, 0
1, 47520, Note_on_c, 0, 73, 46
1, 47975, Note_on_c, 0, 73, 0
1, 48240, Note_on_c, 0, 63, 46
1, 48240, Note_on_c, 0, 75, 46
1, 48240, Control_c, 0, 2, 46
1, 48370, Control_c, 0, 2, 47
1, 48435, Control_c, 0, 2, 48
1, 48467, Note_on_c, 0, 63, 0
1, 48467, Note_on_c, 0, 75, 0
1, 48480, Note_on_c, 0, 61, 49
1, 48480, Note_on_c, 0, 73, 49
1, 48500, Control_c, 0, 2, 49
1, 48565, Control_c, 0, 2, 50
1, 48630, Control_c, 0, 2, 51
1, 48695, Control_c, 0, 2, 52
1, 48707, Note_on_c, 0, 61, 0
1, 48707, Note_on_c, 0, 73, 0
1, 48720, Note_on_c, 0, 63, 53
1, 48720, Note_on_c, 0, 75, 53
1, 48760, Control_c, 0, 2, 53
1, 48825, Control_c, 0, 2, 54
1, 48890, Control_c, 0, 2, 55
1, 48947, Note_on_c, 0, 63, 0
1, 48947, Note_on_c, 0, 75, 0
1, 48955, Control_c, 0, 2, 56
1, 48960, Note_on_c, 0, 61, 57
1, 48960, Note_on_c, 0, 73, 57
1, 49020, Control_c, 0, 2, 57
1, 49085, Control_c, 0, 2, 58
1, 49150, Control_c, 0, 2, 59
1, 49187, Note_on_c, 0, 61, 0
1, 49187, Note_on_c, 0, 73, 0
1, 49200, Note_on_c, 0, 63, 60
1, 49200, Note_on_c, 0, 75, 60
1, 49215, Control_c, 0, 2, 60
1, 49280, Control_c, 0, 2, 61
1, 49345, Control_c, 0, 2, 62
1, 49410, Control_c, 0, 2, 63
1, 49475, Control_c, 0, 2, 64
1, 49540, Control_c, 0, 2, 65
1, 49605, Control_c, 0, 2, 66
1, 49655, Note_on_c, 0, 63, 0
1, 49655, Note_on_c, 0, 75, 0
1, 49670, Control_c, 0, 2, 67
1, 49680, Note_on_c, 0, 65, 68
1, 49680, Note_on_c, 0, 77, 68
1, 50135, Note_on_c, 0, 65, 0
1, 50135, Note_on_c, 0, 77, 0
1, 50160, Note_on_c, 0, 63, 68
1, 50399, Note_on_c, 0, 63, 0
1, 50400, Note_on_c, 0, 58, 68
1, 50400, Note_on_c, 0, 61, 68
1, 50639, Note_on_c, 0, 58, 0
1, 50639, Note_on_c, 0, 61, 0
1, 50640, Note_on_c, 0, 63, 68
1, 50879, Note_on_c, 0, 63, 0
1, 50880, Note_on_c, 0, 61, 68
1, 51119, Note_on_c, 0, 61, 0
1, 51120, Note_on_c, 0, 58, 68
1, 51120, Note_on_c, 0, 63, 68
1, 51359, Note_on_c, 0, 58, 0
1, 51359, Note_on_c, 0, 63, 0
1, 51360, Note_on_c, 0, 61, 68
1, 51599, Note_on_c, 0, 61, 0
1, 51600, Note_on_c, 0, 58, 68
1, 52055, Note_on_c, 0, 58, 0
1, 52080, Note_on_c, 0, 63, 68
1, 52319, Note_on_c, 0, 63, 0
1, 52320, Note_on_c, 0, 61, 68
1, 52559, Note_on_c, 0, 61, 0
1, 52560, Note_on_c, 0, 58, 68
1, 52560, Note_on_c, 0, 63, 68
1, 52799, Note_on_c, 0, 58, 0
1, 52799, Note_on_c, 0, 63, 0
1, 52800, Note_on_c, 0, 61, 68
1, 53039, Note_on_c, 0, 61, 0
1, 53040, Note_on_c, 0, 58, 68
1, 53040, Note_on_c, 0, 63, 68
1, 53279, Note_on_c, 0, 58, 0
1, 53279, Note_on_c, 0, 63, 0
1, 53280, Note_on_c, 0, 61, 68
1, 53519, Note_on_c, 0, 61, 0
1, 53520, Note_on_c, 0, 58, 68
1, 53975, Note_on_c, 0, 58, 0
1, 54000, Note_on_c, 0, 63, 68
1, 54239, Note_on_c, 0, 63, 0
1, 54240, Note_on_c, 0, 61, 68
1, 54479, Note_on_c, 0, 61, 0
1, 54480, Note_on_c, 0, 63, 68
1, 54719, Note_on_c, 0, 63, 0
1, 54720, Note_on_c, 0, 61, 68
1, 54959, Note_on_c, 0, 61, 0
1, 54960, Note_on_c, 0, 63, 68
1, 55199, Note_on_c, 0, 63, 0
1, 55200, Note_on_c, 0, 61, 68
1, 55439, Note_on_c, 0, 61, 0
1, 55440, Note_on_c, 0, 58, 68
1, 55895, Note_on_c, 0, 58, 0
1, 55920, Note_on_c, 0, 58, 68
1, 55920, Note_on_c, 0, 70, 68
1, 56147, Note_on_c, 0, 58, 0
1, 56147, Note_on_c, 0, 70, 0
1, 56160, Note_on_c, 0, 61, 68
1, 56160, Note_on_c, 0, 73, 68
1, 56843, Note_on_c, 0, 61, 0
1, 56843, Note_on_c, 0, 73, 0
1, 56880, Note_on_c, 0, 65, 68
1, 56880, Note_on_c, 0, 77, 68
1, 57107, Note_on_c, 0, 65, 0
1, 57107, Note_on_c, 0, 77, 0
1, 57120, Note_on_c, 0, 65, 68
1, 57120, Note_on_c, 0, 77, 68
1, 57803, Note_on_c, 0, 65, 0
1, 57803, Note_on_c, 0, 77, 0
1, 57840, Note_on_c, 0, 63, 68
1, 57840, Note_on_c, 0, 75, 68
1, 58067, Note_on_c, 0, 63, 0
1, 58067, Note_on_c, 0, 75, 0
1, 58080, Note_on_c, 0, 63, 68
1, 58080, Note_on_c, 0, 75, 68
1, 58080, Note_on_c, 0, 63, 0
1, 58763, Note_on_c, 0, 75, 0
1, 58800, Note_on_c, 0, 61, 68
1, 58800, Note_on_c, 0, 73, 68
1, 59027, Note_on_c, 0, 61, 0
1, 59027, Note_on_c, 0, 73, 0
1, 59040, Note_on_c, 0, 61, 68
1, 59040, Note_on_c, 0, 73, 68
1, 59723, Note_on_c, 0, 61, 0
1, 59723, Note_on_c, 0, 73, 0
1, 59760, Note_on_c, 0, 60, 68
1, 59760, Note_on_c, 0, 72, 68
1, 59987, Note_on_c, 0, 60, 0
1, 59987, Note_on_c, 0, 72, 0
1, 60000, Note_on_c, 0, 60, 68
1, 60000, Note_on_c, 0, 72, 68
1, 60683, Note_on_c, 0, 60, 0
1, 60683, Note_on_c, 0, 72, 0
1, 60720, Note_on_c, 0, 60, 68
1, 60720, Note_on_c, 0, 72, 68
1, 60720, Control_c, 0, 2, 68
1, 61120, Control_c, 0, 2, 69
1, 61175, Note_on_c, 0, 60, 0
1, 61175, Note_on_c, 0, 72, 0
1, 61200, Note_on_c, 0, 60, 69
1, 61200, Note_on_c, 0, 72, 69
1, 61520, Control_c, 0, 2, 70
1, 61920, Control_c, 0, 2, 71
1, 62111, Note_on_c, 0, 60, 0
1, 62111, Note_on_c, 0, 72, 0
1, 62160, Note_on_c, 0, 57, 71
1, 62160, Note_on_c, 0, 60, 71
1, 62320, Control_c, 0, 2, 72
1, 62720, Control_c, 0, 2, 73
1, 63071, Note_on_c, 0, 57, 0
1, 63071, Note_on_c, 0, 60, 0
1, 63120, Note_on_c, 0, 65, 74
1, 63120, Note_on_c, 0, 69, 74
1, 63120, Note_on_c, 0, 72, 74
1, 63120, Note_on_c, 0, 77, 74
1, 63803, Note_on_c, 0, 65, 0
1, 63803, Note_on_c, 0, 69, 0
1, 63803, Note_on_c, 0, 72, 0
1, 63803, Note_on_c, 0, 77, 0
1, 63840, Note_on_c, 0, 61, 74
1, 63840, Note_on_c, 0, 73, 74
1, 64067, Note_on_c, 0, 61, 0
1, 64067, Note_on_c, 0, 73, 0
1, 64080, Note_on_c, 0, 61, 74
1, 64080, Note_on_c, 0, 73, 74
1, 64307, Note_on_c, 0, 61, 0
1, 64307, Note_on_c, 0, 73, 0
1, 64320, Note_on_c, 0, 61, 74
1, 64320, Note_on_c, 0, 73, 74
1, 64547, Note_on_c, 0, 61, 0
1, 64547, Note_on_c, 0, 73, 0
1, 64560, Note_on_c, 0, 61, 74
1, 64560, Note_on_c, 0, 73, 74
1, 64787, Note_on_c, 0, 61, 0
1, 64787, Note_on_c, 0, 73, 0
1, 64800, Note_on_c, 0, 60, 74
1, 64800, Note_on_c, 0, 72, 74
1, 65027, Note_on_c, 0, 60, 0
1, 65027, Note_on_c, 0, 72, 0
1, 65040, Note_on_c, 0, 58, 74
1, 65040, Note_on_c, 0, 70, 74
1, 65495, Note_on_c, 0, 58, 0
1, 65495, Note_on_c, 0, 70, 0
1, 65520, Note_on_c, 0, 65, 74
1, 65520, Note_on_c, 0, 77, 74
1, 65747, Note_on_c, 0, 65, 0
1, 65747, Note_on_c, 0, 77, 0
1, 65760, Note_on_c, 0, 65, 74
1, 65760, Note_on_c, 0, 77, 74
1, 66443, Note_on_c, 0, 65, 0
1, 66443, Note_on_c, 0, 77, 0
1, 66480, Note_on_c, 0, 58, 74
1, 66480, Note_on_c, 0, 70, 74
1, 66707, Note_on_c, 0, 58, 0
1, 66707, Note_on_c, 0, 70, 0
1, 66720, Note_on_c, 0, 58, 74
1, 66720, Note_on_c, 0, 70, 74
1, 67403, Note_on_c, 0, 58, 0
1, 67403, Note_on_c, 0, 70, 0
1, 67440, Note_on_c, 0, 65, 74
1, 67440, Note_on_c, 0, 77, 74
1, 67667, Note_on_c, 0, 65, 0
1, 67667, Note_on_c, 0, 77, 0
1, 67680, Note_on_c, 0, 65, 74
1, 67680, Note_on_c, 0, 77, 74
1, 68363, Note_on_c, 0, 65, 0
1, 68363, Note_on_c, 0, 77, 0
1, 68400, Note_on_c, 0, 58, 74
1, 68400, Note_on_c, 0, 70, 74
1, 68627, Note_on_c, 0, 58, 0
1, 68627, Note_on_c, 0, 70, 0
1, 68640, Note_on_c, 0, 58, 74
1, 68640, Note_on_c, 0, 70, 74
1, 69551, Note_on_c, 0, 58, 0
1, 69551, Note_on_c, 0, 70, 0
1, 69840, Note_on_c, 0, 61, 74
1, 69840, Note_on_c, 0, 65, 74
1, 70979, Note_on_c, 0, 61, 0
1, 70979, Note_on_c, 0, 65, 0
1, 71280, Note_on_c, 0, 65, 74
1, 71280, Note_on_c, 0, 77, 74
1, 71507, Note_on_c, 0, 65, 0
1, 71507, Note_on_c, 0, 77, 0
1, 71520, Note_on_c, 0, 65, 74
1, 71520, Note_on_c, 0, 77, 74
1, 71747, Note_on_c, 0, 65, 0
1, 71747, Note_on_c, 0, 77, 0
1, 71760, Note_on_c, 0, 65, 74
1, 71760, Note_on_c, 0, 77, 74
1, 71987, Note_on_c, 0, 65, 0
1, 71987, Note_on_c, 0, 77, 0
1, 72000, Note_on_c, 0, 65, 74
1, 72000, Note_on_c, 0, 77, 74
1, 72227, Note_on_c, 0, 65, 0
1, 72227, Note_on_c, 0, 77, 0
1, 72240, Note_on_c, 0, 65, 74
1, 72240, Note_on_c, 0, 77, 74
1, 72467, Note_on_c, 0, 65, 0
1, 72467, Note_on_c, 0, 77, 0
1, 72480, Note_on_c, 0, 65, 74
1, 72480, Note_on_c, 0, 77, 74
1, 73163, Note_on_c, 0, 65, 0
1, 73163, Note_on_c, 0, 77, 0
1, 73200, Note_on_c, 0, 63, 74
1, 73200, Note_on_c, 0, 75, 74
1, 73427, Note_on_c, 0, 63, 0
1, 73427, Note_on_c, 0, 75, 0
1, 73440, Note_on_c, 0, 63, 74
1, 73440, Note_on_c, 0, 75, 74
1, 74123, Note_on_c, 0, 63, 0
1, 74123, Note_on_c, 0, 75, 0
1, 74160, Note_on_c, 0, 65, 74
1, 74160, Note_on_c, 0, 77, 74
1, 74387, Note_on_c, 0, 65, 0
1, 74387, Note_on_c, 0, 77, 0
1, 74400, Note_on_c, 0, 66, 74
1, 74400, Note_on_c, 0, 78, 74
1, 75083, Note_on_c, 0, 66, 0
1, 75083, Note_on_c, 0, 78, 0
1, 75120, Note_on_c, 0, 65, 74
1, 75120, Note_on_c, 0, 77, 74
1, 75347, Note_on_c, 0, 65, 0
1, 75347, Note_on_c, 0, 77, 0
1, 75360, Note_on_c, 0, 63, 74
1, 75360, Note_on_c, 0, 75, 74
1, 75600, Tempo, 344828
1, 76043, Note_on_c, 0, 63, 0
1, 76043, Note_on_c, 0, 75, 0
1, 76080, Note_on_c, 0, 61, 74
1, 76080, Note_on_c, 0, 73, 74
1, 76535, Note_on_c, 0, 61, 0
1, 76535, Note_on_c, 0, 73, 0
1, 76560, Note_on_c, 0, 58, 74
1, 76560, Note_on_c, 0, 70, 74
1, 77015, Note_on_c, 0, 58, 0
1, 77015, Note_on_c, 0, 70, 0
1, 77520, Note_on_c, 0, 63, 74
1, 77520, Note_on_c, 0, 75, 74
1, 77760, Tempo, 337078
1, 78431, Note_on_c, 0, 63, 0
1, 78431, Note_on_c, 0, 75, 0
1, 78480, Note_on_c, 0, 61, 74
1, 78480, Note_on_c, 0, 73, 74
1, 79391, Note_on_c, 0, 61, 0
1, 79391, Note_on_c, 0, 73, 0
1, 79440, Note_on_c, 0, 60, 74
1, 79440, Note_on_c, 0, 72, 74
1, 79895, Note_on_c, 0, 60, 0
1, 79895, Note_on_c, 0, 72, 0
1, 79920, Note_on_c, 0, 60, 74
1, 79920, Note_on_c, 0, 72, 74
1, 80375, Note_on_c, 0, 60, 0
1, 80375, Note_on_c, 0, 72, 0
1, 80400, Note_on_c, 0, 58, 74
1, 80400, Note_on_c, 0, 70, 74
1, 81311, Note_on_c, 0, 58, 0
1, 81311, Note_on_c, 0, 70, 0
1, 81840, Note_on_c, 0, 65, 74
1, 81840, Note_on_c, 0, 77, 74
1, 82067, Note_on_c, 0, 65, 0
1, 82067, Note_on_c, 0, 77, 0
1, 82080, Note_on_c, 0, 65, 74
1, 82080, Note_on_c, 0, 77, 74
1, 82307, Note_on_c, 0, 65, 0
1, 82307, Note_on_c, 0, 77, 0
1, 82320, Note_on_c, 0, 65, 74
1, 82320, Note_on_c, 0, 77, 74
1, 82547, Note_on_c, 0, 65, 0
1, 82547, Note_on_c, 0, 77, 0
1, 82560, Note_on_c, 0, 65, 74
1, 82560, Note_on_c, 0, 77, 74
1, 82787, Note_on_c, 0, 65, 0
1, 82787, Note_on_c, 0, 77, 0
1, 82800, Note_on_c, 0, 65, 74
1, 82800, Note_on_c, 0, 77, 74
1, 83027, Note_on_c, 0, 65, 0
1, 83027, Note_on_c, 0, 77, 0
1, 83040, Note_on_c, 0, 65, 74
1, 83040, Note_on_c, 0, 77, 74
1, 83495, Note_on_c, 0, 65, 0
1, 83495, Note_on_c, 0, 77, 0
1, 83520, Note_on_c, 0, 65, 74
1, 83520, Note_on_c, 0, 77, 74
1, 83975, Note_on_c, 0, 65, 0
1, 83975, Note_on_c, 0, 77, 0
1, 84000, Note_on_c, 0, 65, 74
1, 84000, Note_on_c, 0, 77, 74
1, 84683, Note_on_c, 0, 65, 0
1, 84683, Note_on_c, 0, 77, 0
1, 84720, Note_on_c, 0, 63, 74
1, 84720, Note_on_c, 0, 75, 74
1, 85631, Note_on_c, 0, 63, 0
1, 85631, Note_on_c, 0, 75, 0
1, 85680, Note_on_c, 0, 66, 74
1, 85680, Note_on_c, 0, 78, 74
1, 86135, Note_on_c, 0, 66, 0
1, 86135, Note_on_c, 0, 78, 0
1, 86160, Note_on_c, 0, 66, 74
1, 86160, Note_on_c, 0, 78, 74
1, 86387, Note_on_c, 0, 66, 0
1, 86387, Note_on_c, 0, 78, 0
1, 86640, Note_on_c, 0, 66, 74
1, 86640, Note_on_c, 0, 78, 74
1, 87095, Note_on_c, 0, 66, 0
1, 87095, Note_on_c, 0, 78, 0
1, 87120, Note_on_c, 0, 66, 74
1, 87120, Note_on_c, 0, 78, 74
1, 87575, Note_on_c, 0, 66, 0
1, 87575, Note_on_c, 0, 78, 0
1, 87600, Note_on_c, 0, 66, 74
1, 87600, Note_on_c, 0, 78, 74
1, 88283, Note_on_c, 0, 66, 0
1, 88283, Note_on_c, 0, 78, 0
1, 88560, Note_on_c, 0, 65, 74
1, 88560, Note_on_c, 0, 77, 74
1, 89471, Note_on_c, 0, 65, 0
1, 89471, Note_on_c, 0, 77, 0
1, 89520, Note_on_c, 0, 66, 74
1, 89520, Note_on_c, 0, 78, 74
1, 89975, Note_on_c, 0, 66, 0
1, 89975, Note_on_c, 0, 78, 0
1, 90000, Note_on_c, 0, 66, 74
1, 90000, Note_on_c, 0, 78, 74
1, 90227, Note_on_c, 0, 66, 0
1, 90227, Note_on_c, 0, 78, 0
1, 90480, Note_on_c, 0, 66, 74
1, 90480, Note_on_c, 0, 78, 74
1, 90935, Note_on_c, 0, 66, 0
1, 90935, Note_on_c, 0, 78, 0
1, 90960, Note_on_c, 0, 66, 74
1, 90960, Note_on_c, 0, 78, 74
1, 91415, Note_on_c, 0, 66, 0
1, 91415, Note_on_c, 0, 78, 0
1, 91440, Note_on_c, 0, 66, 74
1, 91440, Note_on_c, 0, 78, 74
1, 92351, Note_on_c, 0, 66, 0
1, 92351, Note_on_c, 0, 78, 0
1, 92400, Note_on_c, 0, 65, 74
1, 92400, Note_on_c, 0, 77, 74
1, 93311, Note_on_c, 0, 65, 0
1, 93311, Note_on_c, 0, 77, 0
1, 93360, Note_on_c, 0, 63, 74
1, 93360, Note_on_c, 0, 75, 74
1, 93815, Note_on_c, 0, 63, 0
1, 93815, Note_on_c, 0, 75, 0
1, 93840, Note_on_c, 0, 61, 74
1, 93840, Note_on_c, 0, 73, 74
1, 94067, Note_on_c, 0, 61, 0
1, 94067, Note_on_c, 0, 73, 0
1, 94320, Note_on_c, 0, 65, 74
1, 94320, Note_on_c, 0, 77, 74
1, 95231, Note_on_c, 0, 65, 0
1, 95231, Note_on_c, 0, 77, 0
1, 95280, Note_on_c, 0, 58, 74
1, 95280, Note_on_c, 0, 70, 74
1, 95280, Control_c, 0, 2, 74
1, 95314, Control_c, 0, 2, 73
1, 95331, Control_c, 0, 2, 72
1, 95348, Control_c, 0, 2, 71
1, 95365, Control_c, 0, 2, 70
1, 95382, Control_c, 0, 2, 69
1, 95399, Control_c, 0, 2, 68
1, 95416, Control_c, 0, 2, 67
1, 95433, Control_c, 0, 2, 66
1, 95450, Control_c, 0, 2, 65
1, 95467, Control_c, 0, 2, 64
1, 95484, Control_c, 0, 2, 63
1, 95501, Control_c, 0, 2, 62
1, 95518, Control_c, 0, 2, 61
1, 95535, Control_c, 0, 2, 60
1, 95552, Control_c, 0, 2, 59
1, 95569, Control_c, 0, 2, 58
1, 95586, Control_c, 0, 2, 57
1, 95603, Control_c, 0, 2, 56
1, 95620, Control_c, 0, 2, 55
1, 95637, Control_c, 0, 2, 54
1, 95654, Control_c, 0, 2, 53
1, 95671, Control_c, 0, 2, 52
1, 95688, Control_c, 0, 2, 51
1, 95705, Control_c, 0, 2, 50
1, 95722, Control_c, 0, 2, 49
1, 95735, Note_on_c, 0, 58, 0
1, 95735, Note_on_c, 0, 70, 0
1, 95739, Control_c, 0, 2, 48
1, 95756, Control_c, 0, 2, 47
1, 95760, Tempo, 344828
1, 95760, Note_on_c, 0, 63, 46
1, 96239, Note_on_c, 0, 63, 0
1, 96240, Note_on_c, 0, 65, 46
1, 96242, Control_c, 0, 64, 127
1, 96479, Note_on_c, 0, 65, 0
1, 96480, Note_on_c, 0, 58, 46
1, 96719, Note_on_c, 0, 58, 0
1, 96720, Note_on_c, 0, 63, 46
1, 97199, Note_on_c, 0, 63, 0
1, 97200, Note_on_c, 0, 65, 46
1, 97439, Note_on_c, 0, 65, 0
1, 97440, Note_on_c, 0, 58, 46
1, 97441, Control_c, 0, 64, 0
1, 97442, Control_c, 0, 64, 127
1, 97679, Note_on_c, 0, 58, 0
1, 97680, Note_on_c, 0, 63, 46
1, 98159, Note_on_c, 0, 63, 0
1, 98160, Note_on_c, 0, 65, 46
1, 98399, Note_on_c, 0, 65, 0
1, 98400, Note_on_c, 0, 58, 46
1, 98401, Control_c, 0, 64, 0
1, 98402, Control_c, 0, 64, 127
1, 98639, Note_on_c, 0, 58, 0
1, 98640, Note_on_c, 0, 63, 46
1, 98879, Note_on_c, 0, 63, 0
1, 98880, Note_on_c, 0, 66, 46
1, 99119, Note_on_c, 0, 66, 0
1, 99120, Note_on_c, 0, 65, 46
1, 99359, Note_on_c, 0, 65, 0
1, 99360, Note_on_c, 0, 58, 46
1, 99361, Control_c, 0, 64, 0
1, 99362, Control_c, 0, 64, 127
1, 99599, Note_on_c, 0, 58, 0
1, 99600, Note_on_c, 0, 63, 46
1, 100079, Note_on_c, 0, 63, 0
1, 100080, Note_on_c, 0, 65, 46
1, 100319, Note_on_c, 0, 65, 0
1, 100320, Note_on_c, 0, 58, 46
1, 100321, Control_c, 0, 64, 0
1, 100322, Control_c, 0, 64, 127
1, 100559, Note_on_c, 0, 58, 0
1, 100560, Note_on_c, 0, 63, 46
1, 101039, Note_on_c, 0, 63, 0
1, 101040, Note_on_c, 0, 65, 46
1, 101279, Note_on_c, 0, 65, 0
1, 101280, Note_on_c, 0, 58, 46
1, 101735, Note_on_c, 0, 58, 0
1, 101760, Note_on_c, 0, 75, 46
1, 101761, Control_c, 0, 64, 0
1, 101987, Note_on_c, 0, 75, 0
1, 102000, Note_on_c, 0, 75, 46
1, 102227, Note_on_c, 0, 75, 0
1, 102240, Note_on_c, 0, 75, 46
1, 102467, Note_on_c, 0, 75, 0
1, 102480, Note_on_c, 0, 75, 46
1, 102707, Note_on_c, 0, 75, 0
1, 102720, Note_on_c, 0, 75, 46
1, 102947, Note_on_c, 0, 75, 0
1, 102960, Note_on_c, 0, 75, 46
1, 103187, Note_on_c, 0, 75, 0
1, 103200, Note_on_c, 0, 75, 46
1, 103655, Note_on_c, 0, 75, 0
1, 103680, Note_on_c, 0, 73, 46
1, 104363, Note_on_c, 0, 73, 0
1, 104400, Note_on_c, 0, 73, 46
1, 104639, Note_on_c, 0, 73, 0
1, 104640, Note_on_c, 0, 75, 46
1, 104879, Note_on_c, 0, 75, 0
1, 104880, Note_on_c, 0, 75, 46
1, 105119, Note_on_c, 0, 75, 0
1, 105120, Note_on_c, 0, 75, 46
1, 105599, Note_on_c, 0, 75, 0
1, 105600, Note_on_c, 0, 73, 46
1, 106319, Note_on_c, 0, 73, 0
1, 106320, Note_on_c, 0, 75, 46
1, 106799, Note_on_c, 0, 75, 0
1, 106800, Note_on_c, 0, 73, 46
1, 107039, Note_on_c, 0, 73, 0
1, 107040, Note_on_c, 0, 75, 46
1, 107519, Note_on_c, 0, 75, 0
1, 107520, Note_on_c, 0, 77, 46
1, 109343, Note_on_c, 0, 77, 0
1, 109440, Note_on_c, 0, 77, 46
1, 109919, Note_on_c, 0, 77, 0
1, 109920, Note_on_c, 0, 75, 46
1, 110399, Note_on_c, 0, 75, 0
1, 110400, Note_on_c, 0, 73, 46
1, 110879, Note_on_c, 0, 73, 0
1, 110880, Note_on_c, 0, 70, 46
1, 111335, Note_on_c, 0, 70, 0
1, 111360, Note_on_c, 0, 77, 46
1, 111839, Note_on_c, 0, 77, 0
1, 111840, Note_on_c, 0, 75, 46
1, 112319, Note_on_c, 0, 75, 0
1, 112320, Note_on_c, 0, 73, 46
1, 112799, Note_on_c, 0, 73, 0
1, 112800, Note_on_c, 0, 70, 46
1, 113255, Note_on_c, 0, 70, 0
1, 113280, Note_on_c, 0, 77, 46
1, 113759, Note_on_c, 0, 77, 0
1, 113760, Note_on_c, 0, 75, 46
1, 114239, Note_on_c, 0, 75, 0
1, 114240, Note_on_c, 0, 73, 46
1, 115379, Note_on_c, 0, 73, 0
1, 115440, Note_on_c, 0, 72, 46
1, 116351, Note_on_c, 0, 72, 0
1, 116400, Note_on_c, 0, 70, 46
1, 117083, Note_on_c, 0, 70, 0
1, 117120, Note_on_c, 0, 75, 46
1, 117347, Note_on_c, 0, 75, 0
1, 117360, Note_on_c, 0, 75, 46
1, 117587, Note_on_c, 0, 75, 0
1, 117600, Note_on_c, 0, 75, 46
1, 117827, Note_on_c, 0, 75, 0
1, 117840, Note_on_c, 0, 75, 46
1, 118067, Note_on_c, 0, 75, 0
1, 118080, Note_on_c, 0, 75, 46
1, 118307, Note_on_c, 0, 75, 0
1, 118320, Note_on_c, 0, 75, 46
1, 118547, Note_on_c, 0, 75, 0
1, 118560, Note_on_c, 0, 75, 46
1, 119015, Note_on_c, 0, 75, 0
1, 119040, Note_on_c, 0, 73, 46
1, 119723, Note_on_c, 0, 73, 0
1, 119760, Note_on_c, 0, 73, 46
1, 119999, Note_on_c, 0, 73, 0
1, 120000, Note_on_c, 0, 75, 46
1, 120239, Note_on_c, 0, 75, 0
1, 120240, Note_on_c, 0, 75, 46
1, 120479, Note_on_c, 0, 75, 0
1, 120480, Note_on_c, 0, 75, 46
1, 120959, Note_on_c, 0, 75, 0
1, 120960, Note_on_c, 0, 73, 46
1, 121439, Note_on_c, 0, 73, 0
1, 121440, Note_on_c, 0, 75, 46
1, 121919, Note_on_c, 0, 75, 0
1, 121920, Note_on_c, 0, 73, 46
1, 122399, Note_on_c, 0, 73, 0
1, 122400, Note_on_c, 0, 75, 46
1, 122879, Note_on_c, 0, 75, 0
1, 122880, Note_on_c, 0, 77, 46
1, 124703, Note_on_c, 0, 77, 0
1, 124800, Note_on_c, 0, 65, 46
1, 124800, Note_on_c, 0, 77, 46
1, 124800, Control_c, 0, 2, 46
1, 124872, Control_c, 0, 2, 47
1, 124944, Control_c, 0, 2, 48
1, 125016, Control_c, 0, 2, 49
1, 125088, Control_c, 0, 2, 50
1, 125160, Control_c, 0, 2, 51
1, 125232, Control_c, 0, 2, 52
1, 125255, Note_on_c, 0, 65, 0
1, 125255, Note_on_c, 0, 77, 0
1, 125280, Note_on_c, 0, 68, 52
1, 125280, Note_on_c, 0, 80, 52
1, 125304, Control_c, 0, 2, 53
1, 125376, Control_c, 0, 2, 54
1, 125448, Control_c, 0, 2, 55
1, 125520, Control_c, 0, 2, 56
1, 125592, Control_c, 0, 2, 57
1, 125664, Control_c, 0, 2, 58
1, 125735, Note_on_c, 0, 68, 0
1, 125735, Note_on_c, 0, 80, 0
1, 125736, Control_c, 0, 2, 59
1, 125760, Note_on_c, 0, 70, 59
1, 125760, Note_on_c, 0, 82, 59
1, 125808, Control_c, 0, 2, 60
1, 125880, Control_c, 0, 2, 61
1, 125952, Control_c, 0, 2, 62
1, 126024, Control_c, 0, 2, 63
1, 126096, Control_c, 0, 2, 64
1, 126168, Control_c, 0, 2, 65
1, 126215, Note_on_c, 0, 70, 0
1, 126215, Note_on_c, 0, 82, 0
1, 126240, Note_on_c, 0, 70, 66
1, 126240, Note_on_c, 0, 82, 66
1, 126695, Note_on_c, 0, 70, 0
1, 126695, Note_on_c, 0, 82, 0
1, 126720, Note_on_c, 0, 77, 66
1, 126720, Note_on_c, 0, 89, 66
1, 127175, Note_on_c, 0, 77, 0
1, 127175, Note_on_c, 0, 89, 0
1, 127200, Note_on_c, 0, 73, 66
1, 127200, Note_on_c, 0, 85, 66
1, 127655, Note_on_c, 0, 73, 0
1, 127655, Note_on_c, 0, 85, 0
1, 127680, Note_on_c, 0, 70, 66
1, 127680, Note_on_c, 0, 82, 66
1, 127907, Note_on_c, 0, 70, 0
1, 127907, Note_on_c, 0, 82, 0
1, 128160, Note_on_c, 0, 73, 66
1, 128160, Note_on_c, 0, 85, 66
1, 128387, Note_on_c, 0, 73, 0
1, 128387, Note_on_c, 0, 85, 0
1, 128640, Note_on_c, 0, 75, 66
1, 128640, Note_on_c, 0, 87, 66
1, 128640, Control_c, 0, 2, 66
1, 128867, Note_on_c, 0, 75, 0
1, 128867, Note_on_c, 0, 87, 0
1, 128894, Control_c, 0, 2, 65
1, 129021, Control_c, 0, 2, 64
1, 129120, Note_on_c, 0, 73, 63
1, 129120, Note_on_c, 0, 85, 63
1, 129148, Control_c, 0, 2, 63
1, 129275, Control_c, 0, 2, 62
1, 129347, Note_on_c, 0, 73, 0
1, 129347, Note_on_c, 0, 85, 0
1, 129360, Note_on_c, 0, 72, 61
1, 129360, Note_on_c, 0, 84, 61
1, 129402, Control_c, 0, 2, 61
1, 129529, Control_c, 0, 2, 60
1, 129587, Note_on_c, 0, 72, 0
1, 129587, Note_on_c, 0, 84, 0
1, 129600, Note_on_c, 0, 70, 59
1, 129600, Note_on_c, 0, 82, 59
1, 129656, Control_c, 0, 2, 59
1, 129783, Control_c, 0, 2, 58
1, 129910, Control_c, 0, 2, 57
1, 130037, Control_c, 0, 2, 56
1, 130164, Control_c, 0, 2, 55
1, 130291, Control_c, 0, 2, 54
1, 130418, Control_c, 0, 2, 53
1, 130511, Note_on_c, 0, 70, 0
1, 130511, Note_on_c, 0, 82, 0
1, 130545, Control_c, 0, 2, 52
1, 130672, Control_c, 0, 2, 51
1, 130799, Control_c, 0, 2, 50
1, 130800, Note_on_c, 0, 70, 49
1, 130800, Note_on_c, 0, 82, 49
1, 131255, Note_on_c, 0, 70, 0
1, 131255, Note_on_c, 0, 82, 0
1, 131760, Note_on_c, 0, 73, 49
1, 131760, Note_on_c, 0, 85, 49
1, 132443, Note_on_c, 0, 73, 0
1, 132443, Note_on_c, 0, 85, 0
1, 132720, Note_on_c, 0, 63, 49
1, 132720, Note_on_c, 0, 75, 49
1, 132720, Control_c, 0, 2, 49
1, 132810, Control_c, 0, 2, 50
1, 132855, Control_c, 0, 2, 51
1, 132900, Control_c, 0, 2, 52
1, 132945, Control_c, 0, 2, 53
1, 132947, Note_on_c, 0, 63, 0
1, 132947, Note_on_c, 0, 75, 0
1, 132960, Note_on_c, 0, 61, 54
1, 132960, Note_on_c, 0, 73, 54
1, 132990, Control_c, 0, 2, 54
1, 133035, Control_c, 0, 2, 55
1, 133080, Control_c, 0, 2, 56
1, 133125, Control_c, 0, 2, 57
1, 133170, Control_c, 0, 2, 58
1, 133187, Note_on_c, 0, 61, 0
1, 133187, Note_on_c, 0, 73, 0
1, 133200, Note_on_c, 0, 63, 59
1, 133200, Note_on_c, 0, 75, 59
1, 133215, Control_c, 0, 2, 59
1, 133260, Control_c, 0, 2, 60
1, 133305, Control_c, 0, 2, 61
1, 133350, Control_c, 0, 2, 62
1, 133395, Control_c, 0, 2, 63
1, 133427, Note_on_c, 0, 63, 0
1, 133427, Note_on_c, 0, 75, 0
1, 133440, Note_on_c, 0, 61, 64
1, 133440, Note_on_c, 0, 73, 64
1, 133440, Control_c, 0, 2, 64
1, 133485, Control_c, 0, 2, 65
1, 133530, Control_c, 0, 2, 66
1, 133575, Control_c, 0, 2, 67
1, 133620, Control_c, 0, 2, 68
1, 133665, Control_c, 0, 2, 69
1, 133667, Note_on_c, 0, 61, 0
1, 133667, Note_on_c, 0, 73, 0
1, 133680, Note_on_c, 0, 63, 70
1, 133680, Note_on_c, 0, 75, 70
1, 134135, Note_on_c, 0, 63, 0
1, 134135, Note_on_c, 0, 75, 0
1, 134160, Note_on_c, 0, 65, 70
1, 134160, Note_on_c, 0, 77, 70
1, 134615, Note_on_c, 0, 65, 0
1, 134615, Note_on_c, 0, 77, 0
1, 134640, Note_on_c, 0, 63, 70
1, 134879, Note_on_c, 0, 63, 0
1, 134880, Note_on_c, 0, 58, 70
1, 134880, Note_on_c, 0, 61, 70
1, 135119, Note_on_c, 0, 58, 0
1, 135119, Note_on_c, 0, 61, 0
1, 135120, Note_on_c, 0, 63, 70
1, 135359, Note_on_c, 0, 63, 0
1, 135360, Note_on_c, 0, 61, 70
1, 135599, Note_on_c, 0, 61, 0
1, 135600, Note_on_c, 0, 58, 70
1, 135600, Note_on_c, 0, 63, 70
1, 135839, Note_on_c, 0, 58, 0
1, 135839, Note_on_c, 0, 63, 0
1, 135840, Note_on_c, 0, 61, 70
1, 136079, Note_on_c, 0, 61, 0
1, 136080, Note_on_c, 0, 58, 70
1, 136307, Note_on_c, 0, 58, 0
1, 136320, Note_on_c, 0, 58, 70
1, 136547, Note_on_c, 0, 58, 0
1, 136560, Note_on_c, 0, 63, 70
1, 136799, Note_on_c, 0, 63, 0
1, 136800, Note_on_c, 0, 61, 70
1, 137039, Note_on_c, 0, 61, 0
1, 137040, Note_on_c, 0, 58, 70
1, 137040, Note_on_c, 0, 63, 70
1, 137279, Note_on_c, 0, 58, 0
1, 137279, Note_on_c, 0, 63, 0
1, 137280, Note_on_c, 0, 61, 70
1, 137519, Note_on_c, 0, 61, 0
1, 137520, Note_on_c, 0, 58, 70
1, 137520, Note_on_c, 0, 63, 70
1, 137759, Note_on_c, 0, 58, 0
1, 137759, Note_on_c, 0, 63, 0
1, 137760, Note_on_c, 0, 61, 70
1, 137999, Note_on_c, 0, 61, 0
1, 138000, Note_on_c, 0, 58, 70
1, 138227, Note_on_c, 0, 58, 0
1, 138240, Note_on_c, 0, 58, 70
1, 138467, Note_on_c, 0, 58, 0
1, 138480, Note_on_c, 0, 63, 70
1, 138719, Note_on_c, 0, 63, 0
1, 138720, Note_on_c, 0, 61, 70
1, 138959, Note_on_c, 0, 61, 0
1, 138960, Note_on_c, 0, 63, 70
1, 139199, Note_on_c, 0, 63, 0
1, 139200, Note_on_c, 0, 61, 70
1, 139439, Note_on_c, 0, 61, 0
1, 139440, Note_on_c, 0, 63, 70
1, 139679, Note_on_c, 0, 63, 0
1, 139680, Note_on_c, 0, 61, 70
1, 139919, Note_on_c, 0, 61, 0
1, 139920, Note_on_c, 0, 58, 70
1, 140147, Note_on_c, 0, 58, 0
1, 140160, Note_on_c, 0, 58, 70
1, 140387, Note_on_c, 0, 58, 0
1, 140400, Note_on_c, 0, 58, 70
1, 140400, Note_on_c, 0, 70, 70
1, 140627, Note_on_c, 0, 58, 0
1, 140627, Note_on_c, 0, 70, 0
1, 140640, Note_on_c, 0, 61, 70
1, 140640, Note_on_c, 0, 73, 70
1, 141323, Note_on_c, 0, 61, 0
1, 141323, Note_on_c, 0, 73, 0
1, 141360, Note_on_c, 0, 65, 70
1, 141360, Note_on_c, 0, 77, 70
1, 141587, Note_on_c, 0, 65, 0
1, 141587, Note_on_c, 0, 77, 0
1, 141600, Note_on_c, 0, 65, 70
1, 141600, Note_on_c, 0, 77, 70
1, 142283, Note_on_c, 0, 65, 0
1, 142283, Note_on_c, 0, 77, 0
1, 142320, Note_on_c, 0, 63, 70
1, 142320, Note_on_c, 0, 75, 70
1, 142547, Note_on_c, 0, 63, 0
1, 142547, Note_on_c, 0, 75, 0
1, 142560, Note_on_c, 0, 63, 70
1, 142560, Note_on_c, 0, 75, 70
1, 142560, Note_on_c, 0, 63, 0
1, 143243, Note_on_c, 0, 75, 0
1, 143280, Note_on_c, 0, 61, 70
1, 143280, Note_on_c, 0, 73, 70
1, 143507, Note_on_c, 0, 61, 0
1, 143507, Note_on_c, 0, 73, 0
1, 143520, Note_on_c, 0, 61, 70
1, 143520, Note_on_c, 0, 73, 70
1, 144203, Note_on_c, 0, 61, 0
1, 144203, Note_on_c, 0, 73, 0
1, 144240, Note_on_c, 0, 60, 70
1, 144240, Note_on_c, 0, 72, 70
1, 144467, Note_on_c, 0, 60, 0
1, 144467, Note_on_c, 0, 72, 0
1, 144480, Note_on_c, 0, 60, 70
1, 144480, Note_on_c, 0, 72, 70
1, 145163, Note_on_c, 0, 60, 0
1, 145163, Note_on_c, 0, 72, 0
1, 145200, Note_on_c, 0, 60, 70
1, 145200, Note_on_c, 0, 72, 70
1, 145200, Control_c, 0, 2, 70
1, 145655, Note_on_c, 0, 60, 0
1, 145655, Note_on_c, 0, 72, 0
1, 145680, Note_on_c, 0, 60, 70
1, 145680, Note_on_c, 0, 72, 70
1, 145800, Control_c, 0, 2, 71
1, 146400, Control_c, 0, 2, 72
1, 146591, Note_on_c, 0, 60, 0
1, 146591, Note_on_c, 0, 72, 0
1, 146640, Note_on_c, 0, 57, 72
1, 146640, Note_on_c, 0, 60, 72
1, 147000, Control_c, 0, 2, 73
1, 147551, Note_on_c, 0, 57, 0
1, 147551, Note_on_c, 0, 60, 0
1, 147600, Note_on_c, 0, 65, 74
1, 147600, Note_on_c, 0, 69, 74
1, 147600, Note_on_c, 0, 72, 74
1, 147600, Note_on_c, 0, 77, 74
1, 148283, Note_on_c, 0, 65, 0
1, 148283, Note_on_c, 0, 69, 0
1, 148283, Note_on_c, 0, 72, 0
1, 148283, Note_on_c, 0, 77, 0
1, 148320, Note_on_c, 0, 61, 74
1, 148320, Note_on_c, 0, 73, 74
1, 148547, Note_on_c, 0, 61, 0
1, 148547, Note_on_c, 0, 73, 0
1, 148560, Note_on_c, 0, 61, 74
1, 148560, Note_on_c, 0, 73, 74
1, 148787, Note_on_c, 0, 61, 0
1, 148787, Note_on_c, 0, 73, 0
1, 148800, Note_on_c, 0, 61, 74
1, 148800, Note_on_c, 0, 73, 74
1, 149027, Note_on_c, 0, 61, 0
1, 149027, Note_on_c, 0, 73, 0
1, 149040, Note_on_c, 0, 61, 74
1, 149040, Note_on_c, 0, 73, 74
1, 149267, Note_on_c, 0, 61, 0
1, 149267, Note_on_c, 0, 73, 0
1, 149280, Note_on_c, 0, 60, 74
1, 149280, Note_on_c, 0, 72, 74
1, 149507, Note_on_c, 0, 60, 0
1, 149507, Note_on_c, 0, 72, 0
1, 149520, Note_on_c, 0, 58, 74
1, 149520, Note_on_c, 0, 70, 74
1, 149975, Note_on_c, 0, 58, 0
1, 149975, Note_on_c, 0, 70, 0
1, 150000, Note_on_c, 0, 65, 74
1, 150000, Note_on_c, 0, 77, 74
1, 150227, Note_on_c, 0, 65, 0
1, 150227, Note_on_c, 0, 77, 0
1, 150240, Note_on_c, 0, 65, 74
1, 150240, Note_on_c, 0, 77, 74
1, 150923, Note_on_c, 0, 65, 0
1, 150923, Note_on_c, 0, 77, 0
1, 150960, Note_on_c, 0, 58, 74
1, 150960, Note_on_c, 0, 70, 74
1, 151187, Note_on_c, 0, 58, 0
1, 151187, Note_on_c, 0, 70, 0
1, 151200, Note_on_c, 0, 58, 74
1, 151200, Note_on_c, 0, 70, 74
1, 151883, Note_on_c, 0, 58, 0
1, 151883, Note_on_c, 0, 70, 0
1, 151920, Note_on_c, 0, 65, 74
1, 151920, Note_on_c, 0, 77, 74
1, 152147, Note_on_c, 0, 65, 0
1, 152147, Note_on_c, 0, 77, 0
1, 152160, Note_on_c, 0, 65, 74
1, 152160, Note_on_c, 0, 77, 74
1, 152843, Note_on_c, 0, 65, 0
1, 152843, Note_on_c, 0, 77, 0
1, 152880, Note_on_c, 0, 58, 74
1, 152880, Note_on_c, 0, 70, 74
1, 153107, Note_on_c, 0, 58, 0
1, 153107, Note_on_c, 0, 70, 0
1, 153120, Note_on_c, 0, 58, 74
1, 153120, Note_on_c, 0, 70, 74
1, 154031, Note_on_c, 0, 58, 0
1, 154031, Note_on_c, 0, 70, 0
1, 154320, Note_on_c, 0, 61, 74
1, 154320, Note_on_c, 0, 65, 74
1, 155459, Note_on_c, 0, 61, 0
1, 155459, Note_on_c, 0, 65, 0
1, 155760, Note_on_c, 0, 65, 74
1, 155760, Note_on_c, 0, 77, 74
1, 155987, Note_on_c, 0, 65, 0
1, 155987, Note_on_c, 0, 77, 0
1, 156000, Note_on_c, 0, 65, 74
1, 156000, Note_on_c, 0, 77, 74
1, 156227, Note_on_c, 0, 65, 0
1, 156227, Note_on_c, 0, 77, 0
1, 156240, Note_on_c, 0, 65, 74
1, 156240, Note_on_c, 0, 77, 74
1, 156467, Note_on_c, 0, 65, 0
1, 156467, Note_on_c, 0, 77, 0
1, 156480, Note_on_c, 0, 65, 74
1, 156480, Note_on_c, 0, 77, 74
1, 156707, Note_on_c, 0, 65, 0
1, 156707, Note_on_c, 0, 77, 0
1, 156720, Note_on_c, 0, 65, 74
1, 156720, Note_on_c, 0, 77, 74
1, 156947, Note_on_c, 0, 65, 0
1, 156947, Note_on_c, 0, 77, 0
1, 156960, Note_on_c, 0, 65, 74
1, 156960, Note_on_c, 0, 77, 74
1, 157643, Note_on_c, 0, 65, 0
1, 157643, Note_on_c, 0, 77, 0
1, 157680, Note_on_c, 0, 63, 74
1, 157680, Note_on_c, 0, 75, 74
1, 157907, Note_on_c, 0, 63, 0
1, 157907, Note_on_c, 0, 75, 0
1, 157920, Note_on_c, 0, 63, 74
1, 157920, Note_on_c, 0, 75, 74
1, 158603, Note_on_c, 0, 63, 0
1, 158603, Note_on_c, 0, 75, 0
1, 158640, Note_on_c, 0, 65, 74
1, 158640, Note_on_c, 0, 77, 74
1, 158867, Note_on_c, 0, 65, 0
1, 158867, Note_on_c, 0, 77, 0
1, 158880, Note_on_c, 0, 66, 74
1, 158880, Note_on_c, 0, 78, 74
1, 159563, Note_on_c, 0, 66, 0
1, 159563, Note_on_c, 0, 78, 0
1, 159600, Note_on_c, 0, 65, 74
1, 159600, Note_on_c, 0, 77, 74
1, 159827, Note_on_c, 0, 65, 0
1, 159827, Note_on_c, 0, 77, 0
1, 159840, Note_on_c, 0, 63, 74
1, 159840, Note_on_c, 0, 75, 74
1, 160523, Note_on_c, 0, 63, 0
1, 160523, Note_on_c, 0, 75, 0
1, 160560, Note_on_c, 0, 61, 74
1, 160560, Note_on_c, 0, 73, 74
1, 161015, Note_on_c, 0, 61, 0
1, 161015, Note_on_c, 0, 73, 0
1, 161040, Note_on_c, 0, 58, 74
1, 161040, Note_on_c, 0, 70, 74
1, 161495, Note_on_c, 0, 58, 0
1, 161495, Note_on_c, 0, 70, 0
1, 162000, Note_on_c, 0, 63, 74
1, 162000, Note_on_c, 0, 75, 74
1, 162911, Note_on_c, 0, 63, 0
1, 162911, Note_on_c, 0, 75, 0
1, 162960, Note_on_c, 0, 61, 74
1, 162960, Note_on_c, 0, 73, 74
1, 163871, Note_on_c, 0, 61, 0
1, 163871, Note_on_c, 0, 73, 0
1, 163920, Note_on_c, 0, 60, 74
1, 163920, Note_on_c, 0, 72, 74
1, 164375, Note_on_c, 0, 60, 0
1, 164375, Note_on_c, 0, 72, 0
1, 164400, Note_on_c, 0, 60, 74
1, 164400, Note_on_c, 0, 72, 74
1, 164855, Note_on_c, 0, 60, 0
1, 164855, Note_on_c, 0, 72, 0
1, 164880, Note_on_c, 0, 58, 74
1, 164880, Note_on_c, 0, 70, 74
1, 165791, Note_on_c, 0, 58, 0
1, 165791, Note_on_c, 0, 70, 0
1, 166320, Note_on_c, 0, 65, 74
1, 166320, Note_on_c, 0, 77, 74
1, 166547, Note_on_c, 0, 65, 0
1, 166547, Note_on_c, 0, 77, 0
1, 166560, Note_on_c, 0, 65, 74
1, 166560, Note_on_c, 0, 77, 74
1, 166787, Note_on_c, 0, 65, 0
1, 166787, Note_on_c, 0, 77, 0
1, 166800, Note_on_c, 0, 65, 74
1, 166800, Note_on_c, 0, 77, 74
1, 167027, Note_on_c, 0, 65, 0
1, 167027, Note_on_c, 0, 77, 0
1, 167040, Note_on_c, 0, 65, 74
1, 167040, Note_on_c, 0, 77, 74
1, 167267, Note_on_c, 0, 65, 0
1, 167267, Note_on_c, 0, 77, 0
1, 167280, Note_on_c, 0, 65, 74
1, 167280, Note_on_c, 0, 77, 74
1, 167507, Note_on_c, 0, 65, 0
1, 167507, Note_on_c, 0, 77, 0
1, 167520, Note_on_c, 0, 65, 74
1, 167520, Note_on_c, 0, 77, 74
1, 167975, Note_on_c, 0, 65, 0
1, 167975, Note_on_c, 0, 77, 0
1, 168000, Note_on_c, 0, 65, 74
1, 168000, Note_on_c, 0, 77, 74
1, 168455, Note_on_c, 0, 65, 0
1, 168455, Note_on_c, 0, 77, 0
1, 168480, Note_on_c, 0, 65, 74
1, 168480, Note_on_c, 0, 77, 74
1, 169163, Note_on_c, 0, 65, 0
1, 169163, Note_on_c, 0, 77, 0
1, 169200, Note_on_c, 0, 63, 74
1, 169200, Note_on_c, 0, 75, 74
1, 170111, Note_on_c, 0, 63, 0
1, 170111, Note_on_c, 0, 75, 0
1, 170160, Note_on_c, 0, 66, 74
1, 170160, Note_on_c, 0, 78, 74
1, 170615, Note_on_c, 0, 66, 0
1, 170615, Note_on_c, 0, 78, 0
1, 170640, Note_on_c, 0, 66, 74
1, 170640, Note_on_c, 0, 78, 74
1, 170867, Note_on_c, 0, 66, 0
1, 170867, Note_on_c, 0, 78, 0
1, 171120, Note_on_c, 0, 66, 74
1, 171120, Note_on_c, 0, 78, 74
1, 171575, Note_on_c, 0, 66, 0
1, 171575, Note_on_c, 0, 78, 0
1, 171600, Note_on_c, 0, 66, 74
1, 171600, Note_on_c, 0, 78, 74
1, 172055, Note_on_c, 0, 66, 0
1, 172055, Note_on_c, 0, 78, 0
1, 172080, Note_on_c, 0, 66, 74
1, 172080, Note_on_c, 0, 78, 74
1, 172763, Note_on_c, 0, 66, 0
1, 172763, Note_on_c, 0, 78, 0
1, 173040, Note_on_c, 0, 65, 74
1, 173040, Note_on_c, 0, 77, 74
1, 173951, Note_on_c, 0, 65, 0
1, 173951, Note_on_c, 0, 77, 0
1, 174000, Note_on_c, 0, 66, 74
1, 174000, Note_on_c, 0, 78, 74
1, 174455, Note_on_c, 0, 66, 0
1, 174455, Note_on_c, 0, 78, 0
1, 174480, Note_on_c, 0, 66, 74
1, 174480, Note_on_c, 0, 78, 74
1, 174707, Note_on_c, 0, 66, 0
1, 174707, Note_on_c, 0, 78, 0
1, 174960, Note_on_c, 0, 66, 74
1, 174960, Note_on_c, 0, 78, 74
1, 175415, Note_on_c, 0, 66, 0
1, 175415, Note_on_c, 0, 78, 0
1, 175440, Note_on_c, 0, 66, 74
1, 175440, Note_on_c, 0, 78, 74
1, 175895, Note_on_c, 0, 66, 0
1, 175895, Note_on_c, 0, 78, 0
1, 175920, Note_on_c, 0, 66, 74
1, 175920, Note_on_c, 0, 78, 74
1, 176831, Note_on_c, 0, 66, 0
1, 176831, Note_on_c, 0, 78, 0
1, 176880, Note_on_c, 0, 65, 74
1, 176880, Note_on_c, 0, 77, 74
1, 177791, Note_on_c, 0, 65, 0
1, 177791, Note_on_c, 0, 77, 0
1, 177840, Note_on_c, 0, 63, 74
1, 177840, Note_on_c, 0, 75, 74
1, 178295, Note_on_c, 0, 63, 0
1, 178295, Note_on_c, 0, 75, 0
1, 178320, Note_on_c, 0, 61, 74
1, 178320, Note_on_c, 0, 73, 74
1, 178547, Note_on_c, 0, 61, 0
1, 178547, Note_on_c, 0, 73, 0
1, 178800, Note_on_c, 0, 65, 74
1, 178800, Note_on_c, 0, 77, 74
1, 179711, Note_on_c, 0, 65, 0
1, 179711, Note_on_c, 0, 77, 0
1, 179760, Note_on_c, 0, 58, 74
1, 179760, Note_on_c, 0, 70, 74
1, 180443, Note_on_c, 0, 58, 0
1, 180443, Note_on_c, 0, 70, 0
1, 180480, Tempo, 344828
1, 181200, Note_on_c, 0, 61, 76
1, 181200, Note_on_c, 0, 65, 76
1, 181200, Note_on_c, 0, 73, 76
1, 181200, Control_c, 0, 2, 76
1, 181500, Control_c, 0, 2, 77
1, 181800, Control_c, 0, 2, 78
1, 182100, Control_c, 0, 2, 79
1, 182111, Note_on_c, 0, 61, 0
1, 182111, Note_on_c, 0, 65, 0
1, 182111, Note_on_c, 0, 73, 0
1, 183120, Note_on_c, 0, 61, 80
1, 183120, Note_on_c, 0, 65, 80
1, 183120, Note_on_c, 0, 73, 80
1, 184031, Note_on_c, 0, 61, 0
1, 184031, Note_on_c, 0, 65, 0
1, 184031, Note_on_c, 0, 73, 0
1, 186000, Note_on_c, 0, 68, 80
1, 186000, Note_on_c, 0, 80, 80
1, 186455, Note_on_c, 0, 68, 0
1, 186455, Note_on_c, 0, 80, 0
1, 186480, Note_on_c, 0, 66, 80
1, 186480, Note_on_c, 0, 78, 80
1, 186707, Note_on_c, 0, 66, 0
1, 186707, Note_on_c, 0, 78, 0
1, 186720, Note_on_c, 0, 65, 80
1, 186720, Note_on_c, 0, 77, 80
1, 186947, Note_on_c, 0, 65, 0
1, 186947, Note_on_c, 0, 77, 0
1, 186960, Note_on_c, 0, 63, 80
1, 186960, Note_on_c, 0, 75, 80
1, 187415, Note_on_c, 0, 63, 0
1, 187415, Note_on_c, 0, 75, 0
1, 187440, Note_on_c, 0, 61, 80
1, 187440, Note_on_c, 0, 73, 80
1, 188123, Note_on_c, 0, 61, 0
1, 188123, Note_on_c, 0, 73, 0
1, 188400, Note_on_c, 0, 58, 80
1, 188400, Note_on_c, 0, 70, 80
1, 188855, Note_on_c, 0, 58, 0
1, 188855, Note_on_c, 0, 70, 0
1, 188880, Note_on_c, 0, 63, 80
1, 188880, Note_on_c, 0, 75, 80
1, 189563, Note_on_c, 0, 63, 0
1, 189563, Note_on_c, 0, 75, 0
1, 189600, Note_on_c, 0, 61, 80
1, 189600, Note_on_c, 0, 73, 80
1, 190283, Note_on_c, 0, 61, 0
1, 190283, Note_on_c, 0, 73, 0
1, 190320, Note_on_c, 0, 60, 80
1, 190320, Note_on_c, 0, 72, 80
1, 190775, Note_on_c, 0, 60, 0
1, 190775, Note_on_c, 0, 72, 0
1, 190800, Note_on_c, 0, 58, 80
1, 190800, Note_on_c, 0, 70, 80
1, 191255, Note_on_c, 0, 58, 0
1, 191255, Note_on_c, 0, 70, 0
1, 191280, Note_on_c, 0, 58, 80
1, 191280, Note_on_c, 0, 70, 80
1, 191963, Note_on_c, 0, 58, 0
1, 191963, Note_on_c, 0, 70, 0
1, 192000, Tempo, 340909
1, 192720, Note_on_c, 0, 54, 80
1, 192720, Note_on_c, 0, 58, 80
1, 193175, Note_on_c, 0, 54, 0
1, 193175, Note_on_c, 0, 58, 0
1, 193440, Note_on_c, 0, 54, 80
1, 193440, Note_on_c, 0, 58, 80
1, 193440, Note_on_c, 0, 63, 80
1, 193895, Note_on_c, 0, 54, 0
1, 193895, Note_on_c, 0, 58, 0
1, 193895, Note_on_c, 0, 63, 0
1, 194160, Note_on_c, 0, 54, 80
1, 194160, Note_on_c, 0, 61, 80
1, 194615, Note_on_c, 0, 54, 0
1, 194615, Note_on_c, 0, 61, 0
1, 194880, Note_on_c, 0, 54, 80
1, 194880, Note_on_c, 0, 63, 80
1, 195335, Note_on_c, 0, 54, 0
1, 195335, Note_on_c, 0, 63, 0
1, 196560, Note_on_c, 0, 61, 80
1, 196560, Note_on_c, 0, 65, 80
1, 196560, Note_on_c, 0, 73, 80
1, 197471, Note_on_c, 0, 61, 0
1, 197471, Note_on_c, 0, 65, 0
1, 197471, Note_on_c, 0, 73, 0
1, 198480, Note_on_c, 0, 61, 80
1, 198480, Note_on_c, 0, 65, 80
1, 198480, Note_on_c, 0, 73, 80
1, 199391, Note_on_c, 0, 61, 0
1, 199391, Note_on_c, 0, 65, 0
1, 199391, Note_on_c, 0, 73, 0
1, 201360, Note_on_c, 0, 68, 80
1, 201360, Note_on_c, 0, 80, 80
1, 201815, Note_on_c, 0, 68, 0
1, 201815, Note_on_c, 0, 80, 0
1, 201840, Note_on_c, 0, 66, 80
1, 201840, Note_on_c, 0, 78, 80
1, 202067, Note_on_c, 0, 66, 0
1, 202067, Note_on_c, 0, 78, 0
1, 202080, Note_on_c, 0, 65, 80
1, 202080, Note_on_c, 0, 77, 80
1, 202307, Note_on_c, 0, 65, 0
1, 202307, Note_on_c, 0, 77, 0
1, 202320, Note_on_c, 0, 63, 80
1, 202320, Note_on_c, 0, 75, 80
1, 202775, Note_on_c, 0, 63, 0
1, 202775, Note_on_c, 0, 75, 0
1, 202800, Note_on_c, 0, 61, 80
1, 202800, Note_on_c, 0, 73, 80
1, 203483, Note_on_c, 0, 61, 0
1, 203483, Note_on_c, 0, 73, 0
1, 203760, Note_on_c, 0, 58, 80
1, 203760, Note_on_c, 0, 70, 80
1, 204215, Note_on_c, 0, 58, 0
1, 204215, Note_on_c, 0, 70, 0
1, 204240, Note_on_c, 0, 63, 80
1, 204240, Note_on_c, 0, 75, 80
1, 204923, Note_on_c, 0, 63, 0
1, 204923, Note_on_c, 0, 75, 0
1, 204960, Note_on_c, 0, 61, 80
1, 204960, Note_on_c, 0, 73, 80
1, 205643, Note_on_c, 0, 61, 0
1, 205643, Note_on_c, 0, 73, 0
1, 205680, Note_on_c, 0, 60, 80
1, 205680, Note_on_c, 0, 72, 80
1, 206135, Note_on_c, 0, 60, 0
1, 206135, Note_on_c, 0, 72, 0
1, 206160, Note_on_c, 0, 58, 80
1, 206160, Note_on_c, 0, 70, 80
1, 206387, Note_on_c, 0, 58, 0
1, 206387, Note_on_c, 0, 70, 0
1, 206400, Tempo, 348837
1, 206400, Note_on_c, 0, 56, 80
1, 206400, Note_on_c, 0, 68, 80
1, 206627, Note_on_c, 0, 56, 0
1, 206627, Note_on_c, 0, 68, 0
1, 206640, Note_on_c, 0, 58, 80
1, 206640, Note_on_c, 0, 70, 80
1, 206640, Control_c, 0, 2, 80
1, 206944, Control_c, 0, 2, 79
1, 207096, Control_c, 0, 2, 78
1, 207248, Control_c, 0, 2, 77
1, 207323, Note_on_c, 0, 58, 0
1, 207323, Note_on_c, 0, 70, 0
1, 207400, Control_c, 0, 2, 76
1, 207552, Control_c, 0, 2, 75
1, 207704, Control_c, 0, 2, 74
1, 207856, Control_c, 0, 2, 73
1, 208008, Control_c, 0, 2, 72
1, 208160, Control_c, 0, 2, 71
1, 208312, Control_c, 0, 2, 70
1, 208320, Note_on_c, 0, 56, 69
1, 208410, Note_on_c, 0, 60, 69
1, 208464, Control_c, 0, 2, 69
1, 208616, Control_c, 0, 2, 68
1, 208768, Control_c, 0, 2, 67
1, 208920, Control_c, 0, 2, 66
1, 209072, Control_c, 0, 2, 65
1, 209224, Control_c, 0, 2, 64
1, 209278, Note_on_c, 0, 60, 0
1, 209279, Note_on_c, 0, 56, 0
1, 209376, Control_c, 0, 2, 63
1, 209528, Control_c, 0, 2, 62
1, 209680, Control_c, 0, 2, 61
1, 209760, Note_on_c, 0, 73, 60
1, 209832, Control_c, 0, 2, 60
1, 209984, Control_c, 0, 2, 59
1, 209999, Note_on_c, 0, 73, 0
1, 210000, Note_on_c, 0, 73, 58
1, 210239, Note_on_c, 0, 73, 0
1, 210240, Note_on_c, 0, 73, 58
1, 210479, Note_on_c, 0, 73, 0
1, 210480, Note_on_c, 0, 73, 58
1, 210719, Note_on_c, 0, 73, 0
1, 210720, Note_on_c, 0, 72, 58
1, 210959, Note_on_c, 0, 72, 0
1, 210960, Note_on_c, 0, 70, 58
1, 211415, Note_on_c, 0, 70, 0
1, 211440, Note_on_c, 0, 77, 58
1, 211667, Note_on_c, 0, 77, 0
1, 211680, Note_on_c, 0, 77, 58
1, 212363, Note_on_c, 0, 77, 0
1, 212400, Note_on_c, 0, 70, 58
1, 212627, Note_on_c, 0, 70, 0
1, 212640, Note_on_c, 0, 70, 58
1, 213323, Note_on_c, 0, 70, 0
1, 213360, Note_on_c, 0, 77, 58
1, 213587, Note_on_c, 0, 77, 0
1, 213600, Note_on_c, 0, 77, 58
1, 213600, Control_c, 0, 2, 58
1, 213744, Control_c, 0, 2, 57
1, 213888, Control_c, 0, 2, 56
1, 214032, Control_c, 0, 2, 55
1, 214176, Control_c, 0, 2, 54
1, 214283, Note_on_c, 0, 77, 0
1, 214320, Note_on_c, 0, 70, 53
1, 214320, Control_c, 0, 2, 53
1, 214464, Control_c, 0, 2, 52
1, 214547, Note_on_c, 0, 70, 0
1, 214560, Note_on_c, 0, 70, 52
1, 214608, Control_c, 0, 2, 51
1, 214752, Control_c, 0, 2, 50
1, 214896, Control_c, 0, 2, 49
1, 216839, Note_on_c, 0, 70, 0
1, 217200, Note_on_c, 0, 77, 48
1, 217427, Note_on_c, 0, 77, 0
1, 217440, Note_on_c, 0, 77, 48
1, 217667, Note_on_c, 0, 77, 0
1, 217680, Note_on_c, 0, 77, 48
1, 217907, Note_on_c, 0, 77, 0
1, 217920, Note_on_c, 0, 77, 48
1, 218147, Note_on_c, 0, 77, 0
1, 218160, Note_on_c, 0, 77, 48
1, 218387, Note_on_c, 0, 77, 0
1, 218880, Note_on_c, 0, 75, 48
1, 219107, Note_on_c, 0, 75, 0
1, 219120, Note_on_c, 0, 75, 48
1, 219839, Note_on_c, 0, 75, 0
1, 219840, Note_on_c, 0, 77, 48
1, 220079, Note_on_c, 0, 77, 0
1, 220080, Note_on_c, 0, 78, 48
1, 220799, Note_on_c, 0, 78, 0
1, 220800, Note_on_c, 0, 77, 48
1, 221039, Note_on_c, 0, 77, 0
1, 221040, Note_on_c, 0, 75, 48
1, 221759, Note_on_c, 0, 75, 0
1, 221760, Note_on_c, 0, 73, 48
1, 221987, Note_on_c, 0, 73, 0
1, 222240, Note_on_c, 0, 70, 48
1, 223151, Note_on_c, 0, 70, 0
1, 223200, Note_on_c, 0, 75, 48
1, 224111, Note_on_c, 0, 75, 0
1, 224160, Note_on_c, 0, 73, 48
1, 225071, Note_on_c, 0, 73, 0
1, 225120, Note_on_c, 0, 72, 48
1, 225599, Note_on_c, 0, 72, 0
1, 225600, Note_on_c, 0, 72, 48
1, 226079, Note_on_c, 0, 72, 0
1, 226080, Note_on_c, 0, 70, 48
1, 227447, Note_on_c, 0, 70, 0
1, 227520, Note_on_c, 0, 77, 48
1, 227759, Note_on_c, 0, 77, 0
1, 227760, Note_on_c, 0, 77, 48
1, 227999, Note_on_c, 0, 77, 0
1, 228000, Note_on_c, 0, 77, 48
1, 228239, Note_on_c, 0, 77, 0
1, 228240, Note_on_c, 0, 77, 48
1, 228479, Note_on_c, 0, 77, 0
1, 228480, Note_on_c, 0, 77, 48
1, 228719, Note_on_c, 0, 77, 0
1, 228720, Note_on_c, 0, 77, 48
1, 229199, Note_on_c, 0, 77, 0
1, 229200, Note_on_c, 0, 77, 48
1, 229679, Note_on_c, 0, 77, 0
1, 229680, Note_on_c, 0, 77, 48
1, 229919, Note_on_c, 0, 77, 0
1, 230400, Note_on_c, 0, 75, 48
1, 231311, Note_on_c, 0, 75, 0
1, 231360, Note_on_c, 0, 78, 48
1, 231839, Note_on_c, 0, 78, 0
1, 231840, Note_on_c, 0, 78, 48
1, 232319, Note_on_c, 0, 78, 0
1, 232320, Note_on_c, 0, 78, 48
1, 232799, Note_on_c, 0, 78, 0
1, 232800, Note_on_c, 0, 78, 48
1, 233279, Note_on_c, 0, 78, 0
1, 233280, Note_on_c, 0, 78, 48
1, 233759, Note_on_c, 0, 78, 0
1, 234240, Note_on_c, 0, 77, 48
1, 235151, Note_on_c, 0, 77, 0
1, 235200, Note_on_c, 0, 78, 48
1, 235655, Note_on_c, 0, 78, 0
1, 235680, Note_on_c, 0, 78, 48
1, 236135, Note_on_c, 0, 78, 0
1, 236160, Note_on_c, 0, 78, 48
1, 236615, Note_on_c, 0, 78, 0
1, 236640, Note_on_c, 0, 78, 48
1, 237095, Note_on_c, 0, 78, 0
1, 237120, Note_on_c, 0, 78, 48
1, 237575, Note_on_c, 0, 78, 0
1, 238080, Note_on_c, 0, 77, 48
1, 238559, Note_on_c, 0, 77, 0
1, 238560, Note_on_c, 0, 75, 48
1, 239039, Note_on_c, 0, 75, 0
1, 239040, Note_on_c, 0, 75, 48
1, 239519, Note_on_c, 0, 75, 0
1, 239520, Note_on_c, 0, 73, 48
1, 239999, Note_on_c, 0, 73, 0
1, 240000, Note_on_c, 0, 77, 48
1, 240911, Note_on_c, 0, 77, 0
1, 240960, Note_on_c, 0, 70, 48
1, 241871, Note_on_c, 0, 70, 0
1, 241872, End_track
2, 0, Start_track
2, 0, Key_signature, 7, "major"
2, 0, MIDI_port, 0
2, 0, Note_on_c, 0, 34, 33
2, 0, Note_on_c, 0, 46, 33
2, 0, Control_c, 0, 2, 33
2, 368, Control_c, 0, 2, 34
2, 552, Control_c, 0, 2, 35
2, 736, Control_c, 0, 2, 36
2, 920, Control_c, 0, 2, 37
2, 1104, Control_c, 0, 2, 38
2, 1288, Control_c, 0, 2, 39
2, 1472, Control_c, 0, 2, 40
2, 1656, Control_c, 0, 2, 41
2, 1840, Control_c, 0, 2, 42
2, 2024, Control_c, 0, 2, 43
2, 2208, Control_c, 0, 2, 44
2, 2392, Control_c, 0, 2, 45
2, 7295, Note_on_c, 0, 34, 0
2, 7295, Note_on_c, 0, 46, 0
2, 7680, Note_on_c, 0, 34, 46
2, 7680, Note_on_c, 0, 46, 46
2, 18167, Note_on_c, 0, 34, 0
2, 18167, Note_on_c, 0, 46, 0
2, 18960, Note_on_c, 0, 46, 46
2, 18962, Control_c, 0, 64, 127
2, 19415, Note_on_c, 0, 46, 0
2, 19440, Note_on_c, 0, 53, 46
2, 19667, Note_on_c, 0, 53, 0
2, 19680, Note_on_c, 0, 61, 46
2, 20135, Note_on_c, 0, 61, 0
2, 20160, Note_on_c, 0, 58, 46
2, 20387, Note_on_c, 0, 58, 0
2, 20400, Note_on_c, 0, 53, 46
2, 20855, Note_on_c, 0, 53, 0
2, 20880, Note_on_c, 0, 46, 46
2, 20881, Control_c, 0, 64, 0
2, 20882, Control_c, 0, 64, 127
2, 21335, Note_on_c, 0, 46, 0
2, 21360, Note_on_c, 0, 53, 46
2, 21587, Note_on_c, 0, 53, 0
2, 21600, Note_on_c, 0, 61, 46
2, 22055, Note_on_c, 0, 61, 0
2, 22080, Note_on_c, 0, 58, 46
2, 22307, Note_on_c, 0, 58, 0
2, 22320, Note_on_c, 0, 53, 46
2, 22775, Note_on_c, 0, 53, 0
2, 22800, Note_on_c, 0, 44, 46
2, 22801, Control_c, 0, 64, 0
2, 22802, Control_c, 0, 64, 127
2, 23255, Note_on_c, 0, 44, 0
2, 23280, Note_on_c, 0, 51, 46
2, 23507, Note_on_c, 0, 51, 0
2, 23520, Note_on_c, 0, 60, 46
2, 23975, Note_on_c, 0, 60, 0
2, 24000, Note_on_c, 0, 56, 46
2, 24227, Note_on_c, 0, 56, 0
2, 24240, Note_on_c, 0, 51, 46
2, 24695, Note_on_c, 0, 51, 0
2, 24720, Note_on_c, 0, 44, 46
2, 24721, Control_c, 0, 64, 0
2, 24722, Control_c, 0, 64, 127
2, 25175, Note_on_c, 0, 44, 0
2, 25200, Note_on_c, 0, 51, 46
2, 25427, Note_on_c, 0, 51, 0
2, 25440, Note_on_c, 0, 60, 46
2, 25895, Note_on_c, 0, 60, 0
2, 25920, Note_on_c, 0, 56, 46
2, 26147, Note_on_c, 0, 56, 0
2, 26160, Note_on_c, 0, 51, 46
2, 26615, Note_on_c, 0, 51, 0
2, 26640, Note_on_c, 0, 39, 46
2, 26641, Control_c, 0, 64, 0
2, 26642, Control_c, 0, 64, 127
2, 27095, Note_on_c, 0, 39, 0
2, 27120, Note_on_c, 0, 46, 46
2, 27347, Note_on_c, 0, 46, 0
2, 27360, Note_on_c, 0, 54, 46
2, 27815, Note_on_c, 0, 54, 0
2, 27840, Note_on_c, 0, 51, 46
2, 28067, Note_on_c, 0, 51, 0
2, 28080, Note_on_c, 0, 46, 46
2, 28535, Note_on_c, 0, 46, 0
2, 28560, Note_on_c, 0, 39, 46
2, 28561, Control_c, 0, 64, 0
2, 28562, Control_c, 0, 64, 127
2, 29015, Note_on_c, 0, 39, 0
2, 29040, Note_on_c, 0, 46, 46
2, 29267, Note_on_c, 0, 46, 0
2, 29280, Note_on_c, 0, 54, 46
2, 29735, Note_on_c, 0, 54, 0
2, 29760, Note_on_c, 0, 51, 46
2, 29987, Note_on_c, 0, 51, 0
2, 30000, Note_on_c, 0, 46, 46
2, 30455, Note_on_c, 0, 46, 0
2, 30480, Note_on_c, 0, 44, 46
2, 30481, Control_c, 0, 64, 0
2, 30482, Control_c, 0, 64, 127
2, 30935, Note_on_c, 0, 44, 0
2, 30960, Note_on_c, 0, 51, 46
2, 31187, Note_on_c, 0, 51, 0
2, 31200, Note_on_c, 0, 60, 46
2, 31655, Note_on_c, 0, 60, 0
2, 31680, Note_on_c, 0, 56, 46
2, 31907, Note_on_c, 0, 56, 0
2, 31920, Note_on_c, 0, 51, 46
2, 32375, Note_on_c, 0, 51, 0
2, 32400, Note_on_c, 0, 44, 46
2, 32401, Control_c, 0, 64, 0
2, 32402, Control_c, 0, 64, 127
2, 33995, Note_on_c, 0, 44, 0
2, 34081, Control_c, 0, 64, 0
2, 34320, Note_on_c, 0, 34, 46
2, 34322, Control_c, 0, 64, 127
2, 34775, Note_on_c, 0, 34, 0
2, 34800, Note_on_c, 0, 53, 46
2, 35027, Note_on_c, 0, 53, 0
2, 35040, Note_on_c, 0, 61, 46
2, 35495, Note_on_c, 0, 61, 0
2, 35520, Note_on_c, 0, 58, 46
2, 35747, Note_on_c, 0, 58, 0
2, 35760, Note_on_c, 0, 53, 46
2, 36215, Note_on_c, 0, 53, 0
2, 36240, Note_on_c, 0, 46, 46
2, 36241, Control_c, 0, 64, 0
2, 36242, Control_c, 0, 64, 127
2, 36695, Note_on_c, 0, 46, 0
2, 36720, Note_on_c, 0, 53, 46
2, 36947, Note_on_c, 0, 53, 0
2, 36960, Note_on_c, 0, 61, 46
2, 37415, Note_on_c, 0, 61, 0
2, 37440, Note_on_c, 0, 58, 46
2, 37667, Note_on_c, 0, 58, 0
2, 37680, Note_on_c, 0, 53, 46
2, 38135, Note_on_c, 0, 53, 0
2, 38160, Note_on_c, 0, 44, 46
2, 38161, Control_c, 0, 64, 0
2, 38162, Control_c, 0, 64, 127
2, 38615, Note_on_c, 0, 44, 0
2, 38640, Note_on_c, 0, 51, 46
2, 38867, Note_on_c, 0, 51, 0
2, 38880, Note_on_c, 0, 60, 46
2, 39335, Note_on_c, 0, 60, 0
2, 39360, Note_on_c, 0, 56, 46
2, 39587, Note_on_c, 0, 56, 0
2, 39600, Note_on_c, 0, 51, 46
2, 40055, Note_on_c, 0, 51, 0
2, 40080, Note_on_c, 0, 44, 46
2, 40081, Control_c, 0, 64, 0
2, 40082, Control_c, 0, 64, 127
2, 40535, Note_on_c, 0, 44, 0
2, 40560, Note_on_c, 0, 51, 46
2, 40787, Note_on_c, 0, 51, 0
2, 40800, Note_on_c, 0, 60, 46
2, 41255, Note_on_c, 0, 60, 0
2, 41280, Note_on_c, 0, 56, 46
2, 41507, Note_on_c, 0, 56, 0
2, 41520, Note_on_c, 0, 51, 46
2, 41975, Note_on_c, 0, 51, 0
2, 42000, Note_on_c, 0, 39, 46
2, 42001, Control_c, 0, 64, 0
2, 42002, Control_c, 0, 64, 127
2, 42455, Note_on_c, 0, 39, 0
2, 42480, Note_on_c, 0, 46, 46
2, 42707, Note_on_c, 0, 46, 0
2, 42720, Note_on_c, 0, 54, 46
2, 43175, Note_on_c, 0, 54, 0
2, 43200, Note_on_c, 0, 51, 46
2, 43427, Note_on_c, 0, 51, 0
2, 43440, Note_on_c, 0, 46, 46
2, 43895, Note_on_c, 0, 46, 0
2, 43920, Note_on_c, 0, 39, 46
2, 43921, Control_c, 0, 64, 0
2, 43922, Control_c, 0, 64, 127
2, 44375, Note_on_c, 0, 39, 0
2, 44400, Note_on_c, 0, 46, 46
2, 44627, Note_on_c, 0, 46, 0
2, 44640, Note_on_c, 0, 54, 46
2, 45095, Note_on_c, 0, 54, 0
2, 45120, Note_on_c, 0, 51, 46
2, 45347, Note_on_c, 0, 51, 0
2, 45360, Note_on_c, 0, 46, 46
2, 45815, Note_on_c, 0, 46, 0
2, 45840, Note_on_c, 0, 41, 46
2, 45841, Control_c, 0, 64, 0
2, 45842, Control_c, 0, 64, 127
2, 46295, Note_on_c, 0, 41, 0
2, 46320, Note_on_c, 0, 48, 46
2, 46547, Note_on_c, 0, 48, 0
2, 46560, Note_on_c, 0, 57, 46
2, 47015, Note_on_c, 0, 57, 0
2, 47040, Note_on_c, 0, 53, 46
2, 47267, Note_on_c, 0, 53, 0
2, 47280, Note_on_c, 0, 48, 46
2, 47735, Note_on_c, 0, 48, 0
2, 47760, Note_on_c, 0, 41, 46
2, 47761, Control_c, 0, 64, 0
2, 47762, Control_c, 0, 64, 127
2, 48240, Control_c, 0, 2, 46
2, 48370, Control_c, 0, 2, 47
2, 48435, Control_c, 0, 2, 48
2, 48500, Control_c, 0, 2, 49
2, 48565, Control_c, 0, 2, 50
2, 48630, Control_c, 0, 2, 51
2, 48695, Control_c, 0, 2, 52
2, 48760, Control_c, 0, 2, 53
2, 48825, Control_c, 0, 2, 54
2, 48890, Control_c, 0, 2, 55
2, 48955, Control_c, 0, 2, 56
2, 49020, Control_c, 0, 2, 57
2, 49085, Control_c, 0, 2, 58
2, 49150, Control_c, 0, 2, 59
2, 49215, Control_c, 0, 2, 60
2, 49280, Control_c, 0, 2, 61
2, 49345, Control_c, 0, 2, 62
2, 49410, Control_c, 0, 2, 63
2, 49475, Control_c, 0, 2, 64
2, 49540, Control_c, 0, 2, 65
2, 49583, Note_on_c, 0, 41, 0
2, 49605, Control_c, 0, 2, 66
2, 49670, Control_c, 0, 2, 67
2, 49680, Note_on_c, 0, 34, 68
2, 49680, Note_on_c, 0, 46, 68
2, 49681, Control_c, 0, 64, 0
2, 49682, Control_c, 0, 64, 127
2, 50363, Note_on_c, 0, 34, 0
2, 50363, Note_on_c, 0, 46, 0
2, 50400, Note_on_c, 0, 46, 68
2, 50400, Note_on_c, 0, 53, 68
2, 51083, Note_on_c, 0, 46, 0
2, 51083, Note_on_c, 0, 53, 0
2, 51120, Note_on_c, 0, 46, 68
2, 51120, Note_on_c, 0, 53, 68
2, 51803, Note_on_c, 0, 46, 0
2, 51803, Note_on_c, 0, 53, 0
2, 51840, Note_on_c, 0, 34, 68
2, 51840, Note_on_c, 0, 46, 68
2, 51841, Control_c, 0, 64, 0
2, 51842, Control_c, 0, 64, 127
2, 52523, Note_on_c, 0, 34, 0
2, 52523, Note_on_c, 0, 46, 0
2, 52560, Note_on_c, 0, 46, 68
2, 52560, Note_on_c, 0, 53, 68
2, 53015, Note_on_c, 0, 46, 0
2, 53015, Note_on_c, 0, 53, 0
2, 53040, Note_on_c, 0, 46, 68
2, 53040, Note_on_c, 0, 53, 68
2, 53495, Note_on_c, 0, 46, 0
2, 53495, Note_on_c, 0, 53, 0
2, 53520, Note_on_c, 0, 32, 68
2, 53520, Note_on_c, 0, 44, 68
2, 53521, Control_c, 0, 64, 0
2, 53522, Control_c, 0, 64, 127
2, 54203, Note_on_c, 0, 32, 0
2, 54203, Note_on_c, 0, 44, 0
2, 54240, Note_on_c, 0, 51, 68
2, 54240, Note_on_c, 0, 56, 68
2, 54923, Note_on_c, 0, 51, 0
2, 54923, Note_on_c, 0, 56, 0
2, 54960, Note_on_c, 0, 51, 68
2, 54960, Note_on_c, 0, 56, 68
2, 55643, Note_on_c, 0, 51, 0
2, 55643, Note_on_c, 0, 56, 0
2, 55680, Note_on_c, 0, 32, 68
2, 55680, Note_on_c, 0, 44, 68
2, 55681, Control_c, 0, 64, 0
2, 55682, Control_c, 0, 64, 127
2, 56363, Note_on_c, 0, 32, 0
2, 56363, Note_on_c, 0, 44, 0
2, 56400, Note_on_c, 0, 44, 68
2, 56855, Note_on_c, 0, 44, 0
2, 56880, Note_on_c, 0, 51, 68
2, 56880, Note_on_c, 0, 56, 68
2, 57335, Note_on_c, 0, 51, 0
2, 57335, Note_on_c, 0, 56, 0
2, 57360, Note_on_c, 0, 39, 68
2, 57360, Note_on_c, 0, 51, 68
2, 57361, Control_c, 0, 64, 0
2, 57362, Control_c, 0, 64, 127
2, 58043, Note_on_c, 0, 39, 0
2, 58043, Note_on_c, 0, 51, 0
2, 58080, Note_on_c, 0, 58, 68
2, 58080, Note_on_c, 0, 63, 68
2, 58763, Note_on_c, 0, 58, 0
2, 58763, Note_on_c, 0, 63, 0
2, 58800, Note_on_c, 0, 39, 68
2, 58800, Note_on_c, 0, 51, 68
2, 59483, Note_on_c, 0, 39, 0
2, 59483, Note_on_c, 0, 51, 0
2, 59520, Note_on_c, 0, 58, 68
2, 60203, Note_on_c, 0, 58, 0
2, 60240, Note_on_c, 0, 63, 68
2, 60695, Note_on_c, 0, 63, 0
2, 60720, Note_on_c, 0, 58, 68
2, 60720, Control_c, 0, 2, 68
2, 61120, Control_c, 0, 2, 69
2, 61175, Note_on_c, 0, 58, 0
2, 61200, Note_on_c, 0, 41, 69
2, 61200, Note_on_c, 0, 53, 69
2, 61201, Control_c, 0, 64, 0
2, 61202, Control_c, 0, 64, 127
2, 61520, Control_c, 0, 2, 70
2, 61655, Note_on_c, 0, 41, 0
2, 61655, Note_on_c, 0, 53, 0
2, 61680, Note_on_c, 0, 41, 70
2, 61680, Note_on_c, 0, 53, 70
2, 61920, Control_c, 0, 2, 71
2, 62135, Note_on_c, 0, 41, 0
2, 62135, Note_on_c, 0, 53, 0
2, 62160, Note_on_c, 0, 48, 71
2, 62160, Note_on_c, 0, 53, 71
2, 62320, Control_c, 0, 2, 72
2, 62615, Note_on_c, 0, 48, 0
2, 62615, Note_on_c, 0, 53, 0
2, 62640, Note_on_c, 0, 53, 72
2, 62720, Control_c, 0, 2, 73
2, 63095, Note_on_c, 0, 53, 0
2, 63120, Note_on_c, 0, 48, 74
2, 63120, Note_on_c, 0, 53, 74
2, 64031, Note_on_c, 0, 48, 0
2, 64031, Note_on_c, 0, 53, 0
2, 64081, Control_c, 0, 64, 0
2, 65040, Note_on_c, 0, 30, 74
2, 65040, Note_on_c, 0, 42, 74
2, 65042, Control_c, 0, 64, 127
2, 65723, Note_on_c, 0, 30, 0
2, 65723, Note_on_c, 0, 42, 0
2, 65760, Note_on_c, 0, 42, 74
2, 65987, Note_on_c, 0, 42, 0
2, 66000, Note_on_c, 0, 49, 74
2, 66000, Note_on_c, 0, 58, 74
2, 66455, Note_on_c, 0, 49, 0
2, 66455, Note_on_c, 0, 58, 0
2, 66480, Note_on_c, 0, 30, 74
2, 66480, Note_on_c, 0, 42, 74
2, 66481, Control_c, 0, 64, 0
2, 66482, Control_c, 0, 64, 127
2, 67163, Note_on_c, 0, 30, 0
2, 67163, Note_on_c, 0, 42, 0
2, 67200, Note_on_c, 0, 42, 74
2, 67883, Note_on_c, 0, 42, 0
2, 67920, Note_on_c, 0, 49, 74
2, 67920, Note_on_c, 0, 58, 74
2, 68375, Note_on_c, 0, 49, 0
2, 68375, Note_on_c, 0, 58, 0
2, 68400, Note_on_c, 0, 42, 74
2, 68855, Note_on_c, 0, 42, 0
2, 68880, Note_on_c, 0, 34, 74
2, 68880, Note_on_c, 0, 46, 74
2, 68881, Control_c, 0, 64, 0
2, 68882, Control_c, 0, 64, 127
2, 69563, Note_on_c, 0, 34, 0
2, 69563, Note_on_c, 0, 46, 0
2, 69600, Note_on_c, 0, 46, 74
2, 69827, Note_on_c, 0, 46, 0
2, 69840, Note_on_c, 0, 53, 74
2, 69840, Note_on_c, 0, 58, 74
2, 70295, Note_on_c, 0, 53, 0
2, 70295, Note_on_c, 0, 58, 0
2, 70320, Note_on_c, 0, 34, 74
2, 70320, Note_on_c, 0, 46, 74
2, 70321, Control_c, 0, 64, 0
2, 70322, Control_c, 0, 64, 127
2, 71003, Note_on_c, 0, 34, 0
2, 71003, Note_on_c, 0, 46, 0
2, 71040, Note_on_c, 0, 46, 74
2, 71723, Note_on_c, 0, 46, 0
2, 71760, Note_on_c, 0, 53, 74
2, 71760, Note_on_c, 0, 58, 74
2, 72215, Note_on_c, 0, 53, 0
2, 72215, Note_on_c, 0, 58, 0
2, 72240, Note_on_c, 0, 46, 74
2, 72695, Note_on_c, 0, 46, 0
2, 72720, Note_on_c, 0, 32, 74
2, 72720, Note_on_c, 0, 44, 74
2, 72721, Control_c, 0, 64, 0
2, 72722, Control_c, 0, 64, 127
2, 73403, Note_on_c, 0, 32, 0
2, 73403, Note_on_c, 0, 44, 0
2, 73440, Note_on_c, 0, 44, 74
2, 73667, Note_on_c, 0, 44, 0
2, 73680, Note_on_c, 0, 51, 74
2, 73680, Note_on_c, 0, 60, 74
2, 74135, Note_on_c, 0, 51, 0
2, 74135, Note_on_c, 0, 60, 0
2, 74160, Note_on_c, 0, 32, 74
2, 74160, Note_on_c, 0, 44, 74
2, 74161, Control_c, 0, 64, 0
2, 74162, Control_c, 0, 64, 127
2, 74843, Note_on_c, 0, 32, 0
2, 74843, Note_on_c, 0, 44, 0
2, 74880, Note_on_c, 0, 44, 74
2, 75563, Note_on_c, 0, 44, 0
2, 75600, Note_on_c, 0, 56, 74
2, 76055, Note_on_c, 0, 56, 0
2, 76080, Note_on_c, 0, 51, 74
2, 76535, Note_on_c, 0, 51, 0
2, 76560, Note_on_c, 0, 27, 74
2, 76560, Note_on_c, 0, 39, 74
2, 76561, Control_c, 0, 64, 0
2, 76562, Control_c, 0, 64, 127
2, 77243, Note_on_c, 0, 27, 0
2, 77243, Note_on_c, 0, 39, 0
2, 77280, Note_on_c, 0, 39, 74
2, 77507, Note_on_c, 0, 39, 0
2, 77520, Note_on_c, 0, 51, 74
2, 77975, Note_on_c, 0, 51, 0
2, 78000, Note_on_c, 0, 27, 74
2, 78683, Note_on_c, 0, 27, 0
2, 78720, Note_on_c, 0, 27, 74
2, 78947, Note_on_c, 0, 27, 0
2, 78960, Note_on_c, 0, 39, 74
2, 79415, Note_on_c, 0, 39, 0
2, 79440, Note_on_c, 0, 29, 74
2, 79440, Note_on_c, 0, 41, 74
2, 79441, Control_c, 0, 64, 0
2, 79442, Control_c, 0, 64, 127
2, 79895, Note_on_c, 0, 29, 0
2, 79895, Note_on_c, 0, 41, 0
2, 79920, Note_on_c, 0, 29, 74
2, 79920, Note_on_c, 0, 41, 74
2, 80375, Note_on_c, 0, 29, 0
2, 80375, Note_on_c, 0, 41, 0
2, 80400, Note_on_c, 0, 30, 74
2, 80400, Note_on_c, 0, 42, 74
2, 80401, Control_c, 0, 64, 0
2, 80402, Control_c, 0, 64, 127
2, 81083, Note_on_c, 0, 30, 0
2, 81083, Note_on_c, 0, 42, 0
2, 81120, Note_on_c, 0, 42, 74
2, 81347, Note_on_c, 0, 42, 0
2, 81360, Note_on_c, 0, 49, 74
2, 81360, Note_on_c, 0, 58, 74
2, 81815, Note_on_c, 0, 49, 0
2, 81815, Note_on_c, 0, 58, 0
2, 81840, Note_on_c, 0, 30, 74
2, 81840, Note_on_c, 0, 42, 74
2, 81841, Control_c, 0, 64, 0
2, 81842, Control_c, 0, 64, 127
2, 82751, Note_on_c, 0, 30, 0
2, 82751, Note_on_c, 0, 42, 0
2, 82800, Note_on_c, 0, 42, 74
2, 83255, Note_on_c, 0, 42, 0
2, 83280, Note_on_c, 0, 49, 74
2, 83280, Note_on_c, 0, 54, 74
2, 83735, Note_on_c, 0, 49, 0
2, 83735, Note_on_c, 0, 54, 0
2, 83760, Note_on_c, 0, 42, 74
2, 84215, Note_on_c, 0, 42, 0
2, 84240, Note_on_c, 0, 34, 74
2, 84240, Note_on_c, 0, 46, 74
2, 84241, Control_c, 0, 64, 0
2, 84242, Control_c, 0, 64, 127
2, 84923, Note_on_c, 0, 34, 0
2, 84923, Note_on_c, 0, 46, 0
2, 84960, Note_on_c, 0, 46, 74
2, 85187, Note_on_c, 0, 46, 0
2, 85200, Note_on_c, 0, 53, 74
2, 85200, Note_on_c, 0, 58, 74
2, 85655, Note_on_c, 0, 53, 0
2, 85655, Note_on_c, 0, 58, 0
2, 85680, Note_on_c, 0, 34, 74
2, 85680, Note_on_c, 0, 46, 74
2, 85681, Control_c, 0, 64, 0
2, 85682, Control_c, 0, 64, 127
2, 86363, Note_on_c, 0, 34, 0
2, 86363, Note_on_c, 0, 46, 0
2, 86400, Note_on_c, 0, 46, 74
2, 87083, Note_on_c, 0, 46, 0
2, 87120, Note_on_c, 0, 53, 74
2, 87120, Note_on_c, 0, 58, 74
2, 87575, Note_on_c, 0, 53, 0
2, 87575, Note_on_c, 0, 58, 0
2, 87600, Note_on_c, 0, 46, 74
2, 88055, Note_on_c, 0, 46, 0
2, 88080, Note_on_c, 0, 32, 74
2, 88080, Note_on_c, 0, 44, 74
2, 88081, Control_c, 0, 64, 0
2, 88082, Control_c, 0, 64, 127
2, 88763, Note_on_c, 0, 32, 0
2, 88763, Note_on_c, 0, 44, 0
2, 88800, Note_on_c, 0, 44, 74
2, 89027, Note_on_c, 0, 44, 0
2, 89040, Note_on_c, 0, 51, 74
2, 89040, Note_on_c, 0, 56, 74
2, 89495, Note_on_c, 0, 51, 0
2, 89495, Note_on_c, 0, 56, 0
2, 89520, Note_on_c, 0, 32, 74
2, 89520, Note_on_c, 0, 44, 74
2, 89521, Control_c, 0, 64, 0
2, 89522, Control_c, 0, 64, 127
2, 90203, Note_on_c, 0, 32, 0
2, 90203, Note_on_c, 0, 44, 0
2, 90240, Note_on_c, 0, 44, 74
2, 90923, Note_on_c, 0, 44, 0
2, 90960, Note_on_c, 0, 51, 74
2, 90960, Note_on_c, 0, 56, 74
2, 91415, Note_on_c, 0, 51, 0
2, 91415, Note_on_c, 0, 56, 0
2, 91440, Note_on_c, 0, 44, 74
2, 91895, Note_on_c, 0, 44, 0
2, 91920, Note_on_c, 0, 29, 74
2, 91920, Note_on_c, 0, 41, 74
2, 91921, Control_c, 0, 64, 0
2, 91922, Control_c, 0, 64, 127
2, 92603, Note_on_c, 0, 29, 0
2, 92603, Note_on_c, 0, 41, 0
2, 92640, Note_on_c, 0, 41, 74
2, 92867, Note_on_c, 0, 41, 0
2, 92880, Note_on_c, 0, 48, 74
2, 92880, Note_on_c, 0, 53, 74
2, 93335, Note_on_c, 0, 48, 0
2, 93335, Note_on_c, 0, 53, 0
2, 93360, Note_on_c, 0, 53, 74
2, 94043, Note_on_c, 0, 53, 0
2, 94080, Note_on_c, 0, 41, 74
2, 94763, Note_on_c, 0, 41, 0
2, 94800, Note_on_c, 0, 53, 74
2, 95255, Note_on_c, 0, 53, 0
2, 95280, Note_on_c, 0, 48, 74
2, 95280, Control_c, 0, 2, 74
2, 95314, Control_c, 0, 2, 73
2, 95331, Control_c, 0, 2, 72
2, 95348, Control_c, 0, 2, 71
2, 95365, Control_c, 0, 2, 70
2, 95382, Control_c, 0, 2, 69
2, 95399, Control_c, 0, 2, 68
2, 95416, Control_c, 0, 2, 67
2, 95433, Control_c, 0, 2, 66
2, 95450, Control_c, 0, 2, 65
2, 95467, Control_c, 0, 2, 64
2, 95484, Control_c, 0, 2, 63
2, 95501, Control_c, 0, 2, 62
2, 95518, Control_c, 0, 2, 61
2, 95535, Control_c, 0, 2, 60
2, 95552, Control_c, 0, 2, 59
2, 95569, Control_c, 0, 2, 58
2, 95586, Control_c, 0, 2, 57
2, 95603, Control_c, 0, 2, 56
2, 95620, Control_c, 0, 2, 55
2, 95637, Control_c, 0, 2, 54
2, 95654, Control_c, 0, 2, 53
2, 95671, Control_c, 0, 2, 52
2, 95688, Control_c, 0, 2, 51
2, 95705, Control_c, 0, 2, 50
2, 95722, Control_c, 0, 2, 49
2, 95735, Note_on_c, 0, 48, 0
2, 95739, Control_c, 0, 2, 48
2, 95756, Control_c, 0, 2, 47
2, 95760, Note_on_c, 0, 34, 46
2, 95760, Note_on_c, 0, 46, 46
2, 95761, Control_c, 0, 64, 0
2, 96443, Note_on_c, 0, 34, 0
2, 96443, Note_on_c, 0, 46, 0
2, 96480, Note_on_c, 0, 46, 46
2, 97163, Note_on_c, 0, 46, 0
2, 97200, Note_on_c, 0, 46, 46
2, 97883, Note_on_c, 0, 46, 0
2, 97920, Note_on_c, 0, 46, 46
2, 98603, Note_on_c, 0, 46, 0
2, 98640, Note_on_c, 0, 46, 46
2, 99095, Note_on_c, 0, 46, 0
2, 99120, Note_on_c, 0, 46, 46
2, 99575, Note_on_c, 0, 46, 0
2, 99600, Note_on_c, 0, 46, 46
2, 100283, Note_on_c, 0, 46, 0
2, 100320, Note_on_c, 0, 46, 46
2, 101003, Note_on_c, 0, 46, 0
2, 101040, Note_on_c, 0, 46, 46
2, 101723, Note_on_c, 0, 46, 0
2, 103440, Note_on_c, 0, 46, 46
2, 103442, Control_c, 0, 64, 127
2, 103895, Note_on_c, 0, 46, 0
2, 103920, Note_on_c, 0, 53, 46
2, 104147, Note_on_c, 0, 53, 0
2, 104160, Note_on_c, 0, 61, 46
2, 104615, Note_on_c, 0, 61, 0
2, 104640, Note_on_c, 0, 58, 46
2, 104867, Note_on_c, 0, 58, 0
2, 104880, Note_on_c, 0, 53, 46
2, 105335, Note_on_c, 0, 53, 0
2, 105360, Note_on_c, 0, 46, 46
2, 105361, Control_c, 0, 64, 0
2, 105362, Control_c, 0, 64, 127
2, 105815, Note_on_c, 0, 46, 0
2, 105840, Note_on_c, 0, 53, 46
2, 106067, Note_on_c, 0, 53, 0
2, 106080, Note_on_c, 0, 61, 46
2, 106535, Note_on_c, 0, 61, 0
2, 106560, Note_on_c, 0, 58, 46
2, 106787, Note_on_c, 0, 58, 0
2, 106800, Note_on_c, 0, 53, 46
2, 107255, Note_on_c, 0, 53, 0
2, 107280, Note_on_c, 0, 44, 46
2, 107281, Control_c, 0, 64, 0
2, 107282, Control_c, 0, 64, 127
2, 107735, Note_on_c, 0, 44, 0
2, 107760, Note_on_c, 0, 51, 46
2, 107987, Note_on_c, 0, 51, 0
2, 108000, Note_on_c, 0, 60, 46
2, 108455, Note_on_c, 0, 60, 0
2, 108480, Note_on_c, 0, 56, 46
2, 108707, Note_on_c, 0, 56, 0
2, 108720, Note_on_c, 0, 51, 46
2, 109175, Note_on_c, 0, 51, 0
2, 109200, Note_on_c, 0, 44, 46
2, 109201, Control_c, 0, 64, 0
2, 109202, Control_c, 0, 64, 127
2, 109655, Note_on_c, 0, 44, 0
2, 109680, Note_on_c, 0, 51, 46
2, 109907, Note_on_c, 0, 51, 0
2, 109920, Note_on_c, 0, 60, 46
2, 110375, Note_on_c, 0, 60, 0
2, 110400, Note_on_c, 0, 56, 46
2, 110627, Note_on_c, 0, 56, 0
2, 110640, Note_on_c, 0, 51, 46
2, 111095, Note_on_c, 0, 51, 0
2, 111120, Note_on_c, 0, 39, 46
2, 111121, Control_c, 0, 64, 0
2, 111122, Control_c, 0, 64, 127
2, 111575, Note_on_c, 0, 39, 0
2, 111600, Note_on_c, 0, 46, 46
2, 111827, Note_on_c, 0, 46, 0
2, 111840, Note_on_c, 0, 54, 46
2, 112295, Note_on_c, 0, 54, 0
2, 112320, Note_on_c, 0, 51, 46
2, 112547, Note_on_c, 0, 51, 0
2, 112560, Note_on_c, 0, 46, 46
2, 113015, Note_on_c, 0, 46, 0
2, 113040, Note_on_c, 0, 39, 46
2, 113041, Control_c, 0, 64, 0
2, 113042, Control_c, 0, 64, 127
2, 113495, Note_on_c, 0, 39, 0
2, 113520, Note_on_c, 0, 46, 46
2, 113747, Note_on_c, 0, 46, 0
2, 113760, Note_on_c, 0, 54, 46
2, 114215, Note_on_c, 0, 54, 0
2, 114240, Note_on_c, 0, 51, 46
2, 114467, Note_on_c, 0, 51, 0
2, 114480, Note_on_c, 0, 46, 46
2, 114935, Note_on_c, 0, 46, 0
2, 114960, Note_on_c, 0, 44, 46
2, 114961, Control_c, 0, 64, 0
2, 114962, Control_c, 0, 64, 127
2, 115415, Note_on_c, 0, 44, 0
2, 115440, Note_on_c, 0, 51, 46
2, 115667, Note_on_c, 0, 51, 0
2, 115680, Note_on_c, 0, 60, 46
2, 116135, Note_on_c, 0, 60, 0
2, 116160, Note_on_c, 0, 56, 46
2, 116387, Note_on_c, 0, 56, 0
2, 116400, Note_on_c, 0, 51, 46
2, 116855, Note_on_c, 0, 51, 0
2, 116880, Note_on_c, 0, 44, 46
2, 116881, Control_c, 0, 64, 0
2, 116882, Control_c, 0, 64, 127
2, 117791, Note_on_c, 0, 44, 0
2, 118800, Note_on_c, 0, 34, 46
2, 118801, Control_c, 0, 64, 0
2, 118802, Control_c, 0, 64, 127
2, 119255, Note_on_c, 0, 34, 0
2, 119280, Note_on_c, 0, 53, 46
2, 119507, Note_on_c, 0, 53, 0
2, 119520, Note_on_c, 0, 61, 46
2, 119975, Note_on_c, 0, 61, 0
2, 120000, Note_on_c, 0, 58, 46
2, 120227, Note_on_c, 0, 58, 0
2, 120240, Note_on_c, 0, 53, 46
2, 120695, Note_on_c, 0, 53, 0
2, 120720, Note_on_c, 0, 46, 46
2, 120721, Control_c, 0, 64, 0
2, 120722, Control_c, 0, 64, 127
2, 121175, Note_on_c, 0, 46, 0
2, 121200, Note_on_c, 0, 53, 46
2, 121427, Note_on_c, 0, 53, 0
2, 121440, Note_on_c, 0, 61, 46
2, 121895, Note_on_c, 0, 61, 0
2, 121920, Note_on_c, 0, 58, 46
2, 122147, Note_on_c, 0, 58, 0
2, 122160, Note_on_c, 0, 53, 46
2, 122615, Note_on_c, 0, 53, 0
2, 122640, Note_on_c, 0, 44, 46
2, 122641, Control_c, 0, 64, 0
2, 122642, Control_c, 0, 64, 127
2, 123095, Note_on_c, 0, 44, 0
2, 123120, Note_on_c, 0, 51, 46
2, 123347, Note_on_c, 0, 51, 0
2, 123360, Note_on_c, 0, 60, 46
2, 123815, Note_on_c, 0, 60, 0
2, 123840, Note_on_c, 0, 56, 46
2, 124067, Note_on_c, 0, 56, 0
2, 124080, Note_on_c, 0, 51, 46
2, 124535, Note_on_c, 0, 51, 0
2, 124560, Note_on_c, 0, 44, 46
2, 124561, Control_c, 0, 64, 0
2, 124562, Control_c, 0, 64, 127
2, 124800, Control_c, 0, 2, 46
2, 124872, Control_c, 0, 2, 47
2, 124944, Control_c, 0, 2, 48
2, 125015, Note_on_c, 0, 44, 0
2, 125016, Control_c, 0, 2, 49
2, 125040, Note_on_c, 0, 51, 49
2, 125088, Control_c, 0, 2, 50
2, 125160, Control_c, 0, 2, 51
2, 125232, Control_c, 0, 2, 52
2, 125267, Note_on_c, 0, 51, 0
2, 125280, Note_on_c, 0, 60, 52
2, 125304, Control_c, 0, 2, 53
2, 125376, Control_c, 0, 2, 54
2, 125448, Control_c, 0, 2, 55
2, 125520, Control_c, 0, 2, 56
2, 125592, Control_c, 0, 2, 57
2, 125664, Control_c, 0, 2, 58
2, 125735, Note_on_c, 0, 60, 0
2, 125736, Control_c, 0, 2, 59
2, 125760, Note_on_c, 0, 56, 59
2, 125808, Control_c, 0, 2, 60
2, 125880, Control_c, 0, 2, 61
2, 125952, Control_c, 0, 2, 62
2, 125987, Note_on_c, 0, 56, 0
2, 126000, Note_on_c, 0, 51, 62
2, 126024, Control_c, 0, 2, 63
2, 126096, Control_c, 0, 2, 64
2, 126168, Control_c, 0, 2, 65
2, 126455, Note_on_c, 0, 51, 0
2, 126480, Note_on_c, 0, 39, 66
2, 126481, Control_c, 0, 64, 0
2, 126482, Control_c, 0, 64, 127
2, 126935, Note_on_c, 0, 39, 0
2, 126960, Note_on_c, 0, 46, 66
2, 127187, Note_on_c, 0, 46, 0
2, 127200, Note_on_c, 0, 54, 66
2, 127655, Note_on_c, 0, 54, 0
2, 127680, Note_on_c, 0, 51, 66
2, 127907, Note_on_c, 0, 51, 0
2, 127920, Note_on_c, 0, 46, 66
2, 128375, Note_on_c, 0, 46, 0
2, 128400, Note_on_c, 0, 39, 66
2, 128401, Control_c, 0, 64, 0
2, 128402, Control_c, 0, 64, 127
2, 128640, Control_c, 0, 2, 66
2, 128855, Note_on_c, 0, 39, 0
2, 128880, Note_on_c, 0, 46, 65
2, 128894, Control_c, 0, 2, 65
2, 129021, Control_c, 0, 2, 64
2, 129107, Note_on_c, 0, 46, 0
2, 129120, Note_on_c, 0, 54, 63
2, 129148, Control_c, 0, 2, 63
2, 129275, Control_c, 0, 2, 62
2, 129402, Control_c, 0, 2, 61
2, 129529, Control_c, 0, 2, 60
2, 129575, Note_on_c, 0, 54, 0
2, 129600, Note_on_c, 0, 51, 59
2, 129656, Control_c, 0, 2, 59
2, 129783, Control_c, 0, 2, 58
2, 129827, Note_on_c, 0, 51, 0
2, 129840, Note_on_c, 0, 46, 57
2, 129910, Control_c, 0, 2, 57
2, 130037, Control_c, 0, 2, 56
2, 130164, Control_c, 0, 2, 55
2, 130291, Control_c, 0, 2, 54
2, 130295, Note_on_c, 0, 46, 0
2, 130320, Note_on_c, 0, 41, 53
2, 130321, Control_c, 0, 64, 0
2, 130322, Control_c, 0, 64, 127
2, 130418, Control_c, 0, 2, 53
2, 130545, Control_c, 0, 2, 52
2, 130672, Control_c, 0, 2, 51
2, 130775, Note_on_c, 0, 41, 0
2, 130799, Control_c, 0, 2, 50
2, 130800, Note_on_c, 0, 48, 49
2, 131027, Note_on_c, 0, 48, 0
2, 131040, Note_on_c, 0, 57, 49
2, 131495, Note_on_c, 0, 57, 0
2, 131520, Note_on_c, 0, 53, 49
2, 131747, Note_on_c, 0, 53, 0
2, 131760, Note_on_c, 0, 48, 49
2, 132215, Note_on_c, 0, 48, 0
2, 132240, Note_on_c, 0, 41, 49
2, 132241, Control_c, 0, 64, 0
2, 132242, Control_c, 0, 64, 127
2, 132695, Note_on_c, 0, 41, 0
2, 132720, Control_c, 0, 2, 49
2, 132810, Control_c, 0, 2, 50
2, 132855, Control_c, 0, 2, 51
2, 132900, Control_c, 0, 2, 52
2, 132945, Control_c, 0, 2, 53
2, 132990, Control_c, 0, 2, 54
2, 133035, Control_c, 0, 2, 55
2, 133080, Control_c, 0, 2, 56
2, 133125, Control_c, 0, 2, 57
2, 133170, Control_c, 0, 2, 58
2, 133215, Control_c, 0, 2, 59
2, 133260, Control_c, 0, 2, 60
2, 133305, Control_c, 0, 2, 61
2, 133350, Control_c, 0, 2, 62
2, 133395, Control_c, 0, 2, 63
2, 133440, Control_c, 0, 2, 64
2, 133485, Control_c, 0, 2, 65
2, 133530, Control_c, 0, 2, 66
2, 133575, Control_c, 0, 2, 67
2, 133620, Control_c, 0, 2, 68
2, 133665, Control_c, 0, 2, 69
2, 134160, Note_on_c, 0, 34, 70
2, 134160, Note_on_c, 0, 46, 70
2, 134161, Control_c, 0, 64, 0
2, 134162, Control_c, 0, 64, 127
2, 134843, Note_on_c, 0, 34, 0
2, 134843, Note_on_c, 0, 46, 0
2, 134880, Note_on_c, 0, 46, 70
2, 134880, Note_on_c, 0, 53, 70
2, 135563, Note_on_c, 0, 46, 0
2, 135563, Note_on_c, 0, 53, 0
2, 135600, Note_on_c, 0, 46, 70
2, 135600, Note_on_c, 0, 53, 70
2, 136283, Note_on_c, 0, 46, 0
2, 136283, Note_on_c, 0, 53, 0
2, 136320, Note_on_c, 0, 34, 70
2, 136320, Note_on_c, 0, 46, 70
2, 136321, Control_c, 0, 64, 0
2, 136322, Control_c, 0, 64, 127
2, 137003, Note_on_c, 0, 34, 0
2, 137003, Note_on_c, 0, 46, 0
2, 137040, Note_on_c, 0, 46, 70
2, 137040, Note_on_c, 0, 53, 70
2, 137495, Note_on_c, 0, 46, 0
2, 137495, Note_on_c, 0, 53, 0
2, 137520, Note_on_c, 0, 46, 70
2, 137520, Note_on_c, 0, 53, 70
2, 137975, Note_on_c, 0, 46, 0
2, 137975, Note_on_c, 0, 53, 0
2, 138000, Note_on_c, 0, 32, 70
2, 138000, Note_on_c, 0, 44, 70
2, 138001, Control_c, 0, 64, 0
2, 138002, Control_c, 0, 64, 127
2, 138683, Note_on_c, 0, 32, 0
2, 138683, Note_on_c, 0, 44, 0
2, 138720, Note_on_c, 0, 51, 70
2, 138720, Note_on_c, 0, 56, 70
2, 139403, Note_on_c, 0, 51, 0
2, 139403, Note_on_c, 0, 56, 0
2, 139440, Note_on_c, 0, 51, 70
2, 139440, Note_on_c, 0, 56, 70
2, 140123, Note_on_c, 0, 51, 0
2, 140123, Note_on_c, 0, 56, 0
2, 140160, Note_on_c, 0, 32, 70
2, 140160, Note_on_c, 0, 44, 70
2, 140161, Control_c, 0, 64, 0
2, 140162, Control_c, 0, 64, 127
2, 140843, Note_on_c, 0, 32, 0
2, 140843, Note_on_c, 0, 44, 0
2, 140880, Note_on_c, 0, 44, 70
2, 141335, Note_on_c, 0, 44, 0
2, 141360, Note_on_c, 0, 51, 70
2, 141360, Note_on_c, 0, 56, 70
2, 141815, Note_on_c, 0, 51, 0
2, 141815, Note_on_c, 0, 56, 0
2, 141840, Note_on_c, 0, 39, 70
2, 141840, Note_on_c, 0, 51, 70
2, 141841, Control_c, 0, 64, 0
2, 141842, Control_c, 0, 64, 127
2, 142523, Note_on_c, 0, 39, 0
2, 142523, Note_on_c, 0, 51, 0
2, 142560, Note_on_c, 0, 58, 70
2, 142560, Note_on_c, 0, 63, 70
2, 143243, Note_on_c, 0, 58, 0
2, 143243, Note_on_c, 0, 63, 0
2, 143280, Note_on_c, 0, 39, 70
2, 143280, Note_on_c, 0, 51, 70
2, 143963, Note_on_c, 0, 39, 0
2, 143963, Note_on_c, 0, 51, 0
2, 144000, Note_on_c, 0, 58, 70
2, 144683, Note_on_c, 0, 58, 0
2, 144720, Note_on_c, 0, 63, 70
2, 145175, Note_on_c, 0, 63, 0
2, 145200, Note_on_c, 0, 58, 70
2, 145200, Control_c, 0, 2, 70
2, 145655, Note_on_c, 0, 58, 0
2, 145680, Note_on_c, 0, 41, 70
2, 145680, Note_on_c, 0, 53, 70
2, 145681, Control_c, 0, 64, 0
2, 145682, Control_c, 0, 64, 127
2, 145800, Control_c, 0, 2, 71
2, 146135, Note_on_c, 0, 41, 0
2, 146135, Note_on_c, 0, 53, 0
2, 146160, Note_on_c, 0, 41, 71
2, 146160, Note_on_c, 0, 53, 71
2, 146400, Control_c, 0, 2, 72
2, 146615, Note_on_c, 0, 41, 0
2, 146615, Note_on_c, 0, 53, 0
2, 146640, Note_on_c, 0, 48, 72
2, 146640, Note_on_c, 0, 53, 72
2, 147000, Control_c, 0, 2, 73
2, 147095, Note_on_c, 0, 48, 0
2, 147095, Note_on_c, 0, 53, 0
2, 147120, Note_on_c, 0, 53, 73
2, 147575, Note_on_c, 0, 53, 0
2, 147600, Note_on_c, 0, 48, 74
2, 147600, Note_on_c, 0, 53, 74
2, 148511, Note_on_c, 0, 48, 0
2, 148511, Note_on_c, 0, 53, 0
2, 148561, Control_c, 0, 64, 0
2, 149520, Note_on_c, 0, 30, 74
2, 149520, Note_on_c, 0, 42, 74
2, 149522, Control_c, 0, 64, 127
2, 150203, Note_on_c, 0, 30, 0
2, 150203, Note_on_c, 0, 42, 0
2, 150240, Note_on_c, 0, 42, 74
2, 150467, Note_on_c, 0, 42, 0
2, 150480, Note_on_c, 0, 49, 74
2, 150480, Note_on_c, 0, 58, 74
2, 150935, Note_on_c, 0, 49, 0
2, 150935, Note_on_c, 0, 58, 0
2, 150960, Note_on_c, 0, 30, 74
2, 150960, Note_on_c, 0, 42, 74
2, 150961, Control_c, 0, 64, 0
2, 150962, Control_c, 0, 64, 127
2, 151643, Note_on_c, 0, 30, 0
2, 151643, Note_on_c, 0, 42, 0
2, 151680, Note_on_c, 0, 42, 74
2, 152363, Note_on_c, 0, 42, 0
2, 152400, Note_on_c, 0, 49, 74
2, 152400, Note_on_c, 0, 58, 74
2, 152855, Note_on_c, 0, 49, 0
2, 152855, Note_on_c, 0, 58, 0
2, 152880, Note_on_c, 0, 42, 74
2, 153335, Note_on_c, 0, 42, 0
2, 153360, Note_on_c, 0, 34, 74
2, 153360, Note_on_c, 0, 46, 74
2, 153361, Control_c, 0, 64, 0
2, 153362, Control_c, 0, 64, 127
2, 154043, Note_on_c, 0, 34, 0
2, 154043, Note_on_c, 0, 46, 0
2, 154080, Note_on_c, 0, 46, 74
2, 154307, Note_on_c, 0, 46, 0
2, 154320, Note_on_c, 0, 53, 74
2, 154320, Note_on_c, 0, 58, 74
2, 154775, Note_on_c, 0, 53, 0
2, 154775, Note_on_c, 0, 58, 0
2, 154800, Note_on_c, 0, 34, 74
2, 154800, Note_on_c, 0, 46, 74
2, 154801, Control_c, 0, 64, 0
2, 154802, Control_c, 0, 64, 127
2, 155483, Note_on_c, 0, 34, 0
2, 155483, Note_on_c, 0, 46, 0
2, 155520, Note_on_c, 0, 46, 74
2, 156203, Note_on_c, 0, 46, 0
2, 156240, Note_on_c, 0, 53, 74
2, 156240, Note_on_c, 0, 58, 74
2, 156695, Note_on_c, 0, 53, 0
2, 156695, Note_on_c, 0, 58, 0
2, 156720, Note_on_c, 0, 46, 74
2, 157175, Note_on_c, 0, 46, 0
2, 157200, Note_on_c, 0, 32, 74
2, 157200, Note_on_c, 0, 44, 74
2, 157201, Control_c, 0, 64, 0
2, 157202, Control_c, 0, 64, 127
2, 157883, Note_on_c, 0, 32, 0
2, 157883, Note_on_c, 0, 44, 0
2, 157920, Note_on_c, 0, 44, 74
2, 158147, Note_on_c, 0, 44, 0
2, 158160, Note_on_c, 0, 51, 74
2, 158160, Note_on_c, 0, 60, 74
2, 158615, Note_on_c, 0, 51, 0
2, 158615, Note_on_c, 0, 60, 0
2, 158640, Note_on_c, 0, 32, 74
2, 158640, Note_on_c, 0, 44, 74
2, 158641, Control_c, 0, 64, 0
2, 158642, Control_c, 0, 64, 127
2, 159323, Note_on_c, 0, 32, 0
2, 159323, Note_on_c, 0, 44, 0
2, 159360, Note_on_c, 0, 44, 74
2, 160043, Note_on_c, 0, 44, 0
2, 160080, Note_on_c, 0, 56, 74
2, 160535, Note_on_c, 0, 56, 0
2, 160560, Note_on_c, 0, 51, 74
2, 161015, Note_on_c, 0, 51, 0
2, 161040, Note_on_c, 0, 27, 74
2, 161040, Note_on_c, 0, 39, 74
2, 161041, Control_c, 0, 64, 0
2, 161042, Control_c, 0, 64, 127
2, 161723, Note_on_c, 0, 27, 0
2, 161723, Note_on_c, 0, 39, 0
2, 161760, Note_on_c, 0, 39, 74
2, 161987, Note_on_c, 0, 39, 0
2, 162000, Note_on_c, 0, 51, 74
2, 162455, Note_on_c, 0, 51, 0
2, 162480, Note_on_c, 0, 27, 74
2, 163163, Note_on_c, 0, 27, 0
2, 163200, Note_on_c, 0, 27, 74
2, 163427, Note_on_c, 0, 27, 0
2, 163440, Note_on_c, 0, 39, 74
2, 163895, Note_on_c, 0, 39, 0
2, 163920, Note_on_c, 0, 29, 74
2, 163920, Note_on_c, 0, 41, 74
2, 163921, Control_c, 0, 64, 0
2, 163922, Control_c, 0, 64, 127
2, 164375, Note_on_c, 0, 29, 0
2, 164375, Note_on_c, 0, 41, 0
2, 164400, Note_on_c, 0, 29, 74
2, 164400, Note_on_c, 0, 41, 74
2, 164855, Note_on_c, 0, 29, 0
2, 164855, Note_on_c, 0, 41, 0
2, 164880, Note_on_c, 0, 30, 74
2, 164880, Note_on_c, 0, 42, 74
2, 164881, Control_c, 0, 64, 0
2, 164882, Control_c, 0, 64, 127
2, 165563, Note_on_c, 0, 30, 0
2, 165563, Note_on_c, 0, 42, 0
2, 165600, Note_on_c, 0, 42, 74
2, 165827, Note_on_c, 0, 42, 0
2, 165840, Note_on_c, 0, 49, 74
2, 165840, Note_on_c, 0, 58, 74
2, 166295, Note_on_c, 0, 49, 0
2, 166295, Note_on_c, 0, 58, 0
2, 166320, Note_on_c, 0, 30, 74
2, 166320, Note_on_c, 0, 42, 74
2, 166321, Control_c, 0, 64, 0
2, 166322, Control_c, 0, 64, 127
2, 167231, Note_on_c, 0, 30, 0
2, 167231, Note_on_c, 0, 42, 0
2, 167280, Note_on_c, 0, 42, 74
2, 167735, Note_on_c, 0, 42, 0
2, 167760, Note_on_c, 0, 49, 74
2, 167760, Note_on_c, 0, 54, 74
2, 168215, Note_on_c, 0, 49, 0
2, 168215, Note_on_c, 0, 54, 0
2, 168240, Note_on_c, 0, 42, 74
2, 168695, Note_on_c, 0, 42, 0
2, 168720, Note_on_c, 0, 34, 74
2, 168720, Note_on_c, 0, 46, 74
2, 168721, Control_c, 0, 64, 0
2, 168722, Control_c, 0, 64, 127
2, 169403, Note_on_c, 0, 34, 0
2, 169403, Note_on_c, 0, 46, 0
2, 169440, Note_on_c, 0, 46, 74
2, 169667, Note_on_c, 0, 46, 0
2, 169680, Note_on_c, 0, 53, 74
2, 169680, Note_on_c, 0, 58, 74
2, 170135, Note_on_c, 0, 53, 0
2, 170135, Note_on_c, 0, 58, 0
2, 170160, Note_on_c, 0, 34, 74
2, 170160, Note_on_c, 0, 46, 74
2, 170161, Control_c, 0, 64, 0
2, 170162, Control_c, 0, 64, 127
2, 170843, Note_on_c, 0, 34, 0
2, 170843, Note_on_c, 0, 46, 0
2, 170880, Note_on_c, 0, 46, 74
2, 171563, Note_on_c, 0, 46, 0
2, 171600, Note_on_c, 0, 53, 74
2, 171600, Note_on_c, 0, 58, 74
2, 172055, Note_on_c, 0, 53, 0
2, 172055, Note_on_c, 0, 58, 0
2, 172080, Note_on_c, 0, 46, 74
2, 172535, Note_on_c, 0, 46, 0
2, 172560, Note_on_c, 0, 32, 74
2, 172560, Note_on_c, 0, 44, 74
2, 172561, Control_c, 0, 64, 0
2, 172562, Control_c, 0, 64, 127
2, 173243, Note_on_c, 0, 32, 0
2, 173243, Note_on_c, 0, 44, 0
2, 173280, Note_on_c, 0, 44, 74
2, 173507, Note_on_c, 0, 44, 0
2, 173520, Note_on_c, 0, 51, 74
2, 173520, Note_on_c, 0, 56, 74
2, 173975, Note_on_c, 0, 51, 0
2, 173975, Note_on_c, 0, 56, 0
2, 174000, Note_on_c, 0, 32, 74
2, 174000, Note_on_c, 0, 44, 74
2, 174001, Control_c, 0, 64, 0
2, 174002, Control_c, 0, 64, 127
2, 174683, Note_on_c, 0, 32, 0
2, 174683, Note_on_c, 0, 44, 0
2, 174720, Note_on_c, 0, 44, 74
2, 175403, Note_on_c, 0, 44, 0
2, 175440, Note_on_c, 0, 51, 74
2, 175440, Note_on_c, 0, 56, 74
2, 175895, Note_on_c, 0, 51, 0
2, 175895, Note_on_c, 0, 56, 0
2, 175920, Note_on_c, 0, 44, 74
2, 176375, Note_on_c, 0, 44, 0
2, 176400, Note_on_c, 0, 29, 74
2, 176400, Note_on_c, 0, 41, 74
2, 176401, Control_c, 0, 64, 0
2, 176402, Control_c, 0, 64, 127
2, 177083, Note_on_c, 0, 29, 0
2, 177083, Note_on_c, 0, 41, 0
2, 177120, Note_on_c, 0, 41, 74
2, 177347, Note_on_c, 0, 41, 0
2, 177360, Note_on_c, 0, 48, 74
2, 177360, Note_on_c, 0, 53, 74
2, 177815, Note_on_c, 0, 48, 0
2, 177815, Note_on_c, 0, 53, 0
2, 177840, Note_on_c, 0, 53, 74
2, 178523, Note_on_c, 0, 53, 0
2, 178560, Note_on_c, 0, 41, 74
2, 179243, Note_on_c, 0, 41, 0
2, 179280, Note_on_c, 0, 53, 74
2, 179735, Note_on_c, 0, 53, 0
2, 179760, Note_on_c, 0, 48, 74
2, 179761, Control_c, 0, 64, 0
2, 180215, Note_on_c, 0, 48, 0
2, 180240, Note_on_c, 0, 30, 74
2, 180240, Note_on_c, 0, 42, 74
2, 180480, Control_c, 0, 2, 74
2, 180695, Note_on_c, 0, 30, 0
2, 180695, Note_on_c, 0, 42, 0
2, 180720, Note_on_c, 0, 30, 74
2, 180720, Note_on_c, 0, 42, 74
2, 180800, Control_c, 0, 2, 75
2, 181120, Control_c, 0, 2, 76
2, 181175, Note_on_c, 0, 30, 0
2, 181175, Note_on_c, 0, 42, 0
2, 181200, Note_on_c, 0, 49, 76
2, 181200, Note_on_c, 0, 54, 76
2, 181202, Control_c, 0, 64, 127
2, 181440, Control_c, 0, 2, 77
2, 181760, Control_c, 0, 2, 78
2, 181883, Note_on_c, 0, 49, 0
2, 181883, Note_on_c, 0, 54, 0
2, 181920, Note_on_c, 0, 30, 78
2, 181921, Control_c, 0, 64, 0
2, 181922, Control_c, 0, 64, 127
2, 182080, Control_c, 0, 2, 79
2, 182147, Note_on_c, 0, 30, 0
2, 182160, Note_on_c, 0, 42, 79
2, 182387, Note_on_c, 0, 42, 0
2, 182400, Note_on_c, 0, 37, 80
2, 182627, Note_on_c, 0, 37, 0
2, 182640, Note_on_c, 0, 42, 80
2, 183095, Note_on_c, 0, 42, 0
2, 183120, Note_on_c, 0, 49, 80
2, 183120, Note_on_c, 0, 54, 80
2, 183121, Control_c, 0, 64, 0
2, 183122, Control_c, 0, 64, 127
2, 183575, Note_on_c, 0, 49, 0
2, 183575, Note_on_c, 0, 54, 0
2, 183600, Note_on_c, 0, 42, 80
2, 183827, Note_on_c, 0, 42, 0
2, 183840, Note_on_c, 0, 30, 80
2, 183841, Control_c, 0, 64, 0
2, 184067, Note_on_c, 0, 30, 0
2, 184080, Note_on_c, 0, 34, 80
2, 184080, Note_on_c, 0, 46, 80
2, 184322, Control_c, 0, 64, 127
2, 184535, Note_on_c, 0, 34, 0
2, 184535, Note_on_c, 0, 46, 0
2, 184560, Note_on_c, 0, 46, 80
2, 185015, Note_on_c, 0, 46, 0
2, 185040, Note_on_c, 0, 53, 80
2, 185040, Note_on_c, 0, 58, 80
2, 185495, Note_on_c, 0, 53, 0
2, 185495, Note_on_c, 0, 58, 0
2, 185520, Note_on_c, 0, 46, 80
2, 185747, Note_on_c, 0, 46, 0
2, 185760, Note_on_c, 0, 34, 80
2, 186215, Note_on_c, 0, 34, 0
2, 186240, Note_on_c, 0, 34, 80
2, 186923, Note_on_c, 0, 34, 0
2, 186960, Note_on_c, 0, 46, 80
2, 187415, Note_on_c, 0, 46, 0
2, 187440, Note_on_c, 0, 41, 80
2, 187667, Note_on_c, 0, 41, 0
2, 187680, Note_on_c, 0, 34, 80
2, 187681, Control_c, 0, 64, 0
2, 187907, Note_on_c, 0, 34, 0
2, 187920, Note_on_c, 0, 32, 80
2, 187920, Note_on_c, 0, 44, 80
2, 188375, Note_on_c, 0, 32, 0
2, 188375, Note_on_c, 0, 44, 0
2, 188400, Note_on_c, 0, 32, 80
2, 188400, Note_on_c, 0, 44, 80
2, 188855, Note_on_c, 0, 32, 0
2, 188855, Note_on_c, 0, 44, 0
2, 188880, Note_on_c, 0, 51, 80
2, 188880, Note_on_c, 0, 56, 80
2, 188882, Control_c, 0, 64, 127
2, 189563, Note_on_c, 0, 51, 0
2, 189563, Note_on_c, 0, 56, 0
2, 189600, Note_on_c, 0, 44, 80
2, 189827, Note_on_c, 0, 44, 0
2, 189840, Note_on_c, 0, 39, 80
2, 190067, Note_on_c, 0, 39, 0
2, 190080, Note_on_c, 0, 32, 80
2, 190763, Note_on_c, 0, 32, 0
2, 190800, Note_on_c, 0, 39, 80
2, 190800, Note_on_c, 0, 44, 80
2, 190801, Control_c, 0, 64, 0
2, 190802, Control_c, 0, 64, 127
2, 191255, Note_on_c, 0, 39, 0
2, 191255, Note_on_c, 0, 44, 0
2, 191280, Note_on_c, 0, 39, 80
2, 191280, Note_on_c, 0, 44, 80
2, 191735, Note_on_c, 0, 39, 0
2, 191735, Note_on_c, 0, 44, 0
2, 191760, Note_on_c, 0, 27, 80
2, 191760, Note_on_c, 0, 39, 80
2, 191761, Control_c, 0, 64, 0
2, 192443, Note_on_c, 0, 27, 0
2, 192443, Note_on_c, 0, 39, 0
2, 192480, Note_on_c, 0, 39, 80
2, 192707, Note_on_c, 0, 39, 0
2, 192720, Note_on_c, 0, 46, 80
2, 192720, Note_on_c, 0, 51, 80
2, 192722, Control_c, 0, 64, 127
2, 193175, Note_on_c, 0, 46, 0
2, 193175, Note_on_c, 0, 51, 0
2, 193200, Note_on_c, 0, 39, 80
2, 193655, Note_on_c, 0, 39, 0
2, 193680, Note_on_c, 0, 51, 80
2, 193907, Note_on_c, 0, 51, 0
2, 193920, Note_on_c, 0, 46, 80
2, 194147, Note_on_c, 0, 46, 0
2, 194161, Control_c, 0, 64, 0
2, 194162, Control_c, 0, 64, 127
2, 194400, Note_on_c, 0, 39, 80
2, 194627, Note_on_c, 0, 39, 0
2, 194640, Note_on_c, 0, 51, 80
2, 194867, Note_on_c, 0, 51, 0
2, 195120, Note_on_c, 0, 46, 80
2, 195347, Note_on_c, 0, 46, 0
2, 195360, Note_on_c, 0, 39, 80
2, 195587, Note_on_c, 0, 39, 0
2, 195600, Note_on_c, 0, 30, 80
2, 195600, Note_on_c, 0, 42, 80
2, 195601, Control_c, 0, 64, 0
2, 196055, Note_on_c, 0, 30, 0
2, 196055, Note_on_c, 0, 42, 0
2, 196080, Note_on_c, 0, 30, 80
2, 196080, Note_on_c, 0, 42, 80
2, 196535, Note_on_c, 0, 30, 0
2, 196535, Note_on_c, 0, 42, 0
2, 196560, Note_on_c, 0, 49, 80
2, 196560, Note_on_c, 0, 54, 80
2, 196562, Control_c, 0, 64, 127
2, 197243, Note_on_c, 0, 49, 0
2, 197243, Note_on_c, 0, 54, 0
2, 197280, Note_on_c, 0, 30, 80
2, 197281, Control_c, 0, 64, 0
2, 197282, Control_c, 0, 64, 127
2, 197507, Note_on_c, 0, 30, 0
2, 197520, Note_on_c, 0, 42, 80
2, 197747, Note_on_c, 0, 42, 0
2, 197760, Note_on_c, 0, 37, 80
2, 197987, Note_on_c, 0, 37, 0
2, 198000, Note_on_c, 0, 42, 80
2, 198455, Note_on_c, 0, 42, 0
2, 198480, Note_on_c, 0, 49, 80
2, 198480, Note_on_c, 0, 54, 80
2, 198481, Control_c, 0, 64, 0
2, 198482, Control_c, 0, 64, 127
2, 198935, Note_on_c, 0, 49, 0
2, 198935, Note_on_c, 0, 54, 0
2, 198960, Note_on_c, 0, 42, 80
2, 199187, Note_on_c, 0, 42, 0
2, 199200, Note_on_c, 0, 30, 80
2, 199201, Control_c, 0, 64, 0
2, 199427, Note_on_c, 0, 30, 0
2, 199440, Note_on_c, 0, 34, 80
2, 199440, Note_on_c, 0, 46, 80
2, 199682, Control_c, 0, 64, 127
2, 199895, Note_on_c, 0, 34, 0
2, 199895, Note_on_c, 0, 46, 0
2, 199920, Note_on_c, 0, 46, 80
2, 200375, Note_on_c, 0, 46, 0
2, 200400, Note_on_c, 0, 53, 80
2, 200400, Note_on_c, 0, 58, 80
2, 200855, Note_on_c, 0, 53, 0
2, 200855, Note_on_c, 0, 58, 0
2, 200880, Note_on_c, 0, 46, 80
2, 201107, Note_on_c, 0, 46, 0
2, 201120, Note_on_c, 0, 34, 80
2, 201575, Note_on_c, 0, 34, 0
2, 201600, Note_on_c, 0, 34, 80
2, 202283, Note_on_c, 0, 34, 0
2, 202320, Note_on_c, 0, 46, 80
2, 202775, Note_on_c, 0, 46, 0
2, 202800, Note_on_c, 0, 41, 80
2, 203027, Note_on_c, 0, 41, 0
2, 203040, Note_on_c, 0, 34, 80
2, 203041, Control_c, 0, 64, 0
2, 203267, Note_on_c, 0, 34, 0
2, 203280, Note_on_c, 0, 32, 80
2, 203280, Note_on_c, 0, 44, 80
2, 203735, Note_on_c, 0, 32, 0
2, 203735, Note_on_c, 0, 44, 0
2, 203760, Note_on_c, 0, 32, 80
2, 203760, Note_on_c, 0, 44, 80
2, 204215, Note_on_c, 0, 32, 0
2, 204215, Note_on_c, 0, 44, 0
2, 204240, Note_on_c, 0, 51, 80
2, 204240, Note_on_c, 0, 56, 80
2, 204242, Control_c, 0, 64, 127
2, 204923, Note_on_c, 0, 51, 0
2, 204923, Note_on_c, 0, 56, 0
2, 204960, Note_on_c, 0, 44, 80
2, 205187, Note_on_c, 0, 44, 0
2, 205200, Note_on_c, 0, 39, 80
2, 205427, Note_on_c, 0, 39, 0
2, 205440, Note_on_c, 0, 32, 80
2, 206123, Note_on_c, 0, 32, 0
2, 206160, Note_on_c, 0, 32, 80
2, 206160, Note_on_c, 0, 44, 80
2, 206161, Control_c, 0, 64, 0
2, 206162, Control_c, 0, 64, 127
2, 206615, Note_on_c, 0, 32, 0
2, 206615, Note_on_c, 0, 44, 0
2, 206640, Note_on_c, 0, 32, 80
2, 206640, Note_on_c, 0, 44, 80
2, 206640, Control_c, 0, 2, 80
2, 206641, Control_c, 0, 64, 0
2, 206944, Control_c, 0, 2, 79
2, 207095, Note_on_c, 0, 32, 0
2, 207095, Note_on_c, 0, 44, 0
2, 207096, Control_c, 0, 2, 78
2, 207120, Note_on_c, 0, 29, 77
2, 207120, Note_on_c, 0, 41, 77
2, 207122, Control_c, 0, 64, 127
2, 207248, Control_c, 0, 2, 77
2, 207400, Control_c, 0, 2, 76
2, 207552, Control_c, 0, 2, 75
2, 207704, Control_c, 0, 2, 74
2, 207856, Control_c, 0, 2, 73
2, 208008, Control_c, 0, 2, 72
2, 208160, Control_c, 0, 2, 71
2, 208259, Note_on_c, 0, 29, 0
2, 208259, Note_on_c, 0, 41, 0
2, 208312, Control_c, 0, 2, 70
2, 208320, Note_on_c, 0, 41, 69
2, 208321, Control_c, 0, 64, 0
2, 208322, Control_c, 0, 64, 127
2, 208410, Note_on_c, 0, 48, 69
2, 208464, Control_c, 0, 2, 69
2, 208502, Note_on_c, 0, 53, 69
2, 208616, Control_c, 0, 2, 68
2, 208768, Control_c, 0, 2, 67
2, 208920, Control_c, 0, 2, 66
2, 209072, Control_c, 0, 2, 65
2, 209224, Control_c, 0, 2, 64
2, 209278, Note_on_c, 0, 48, 0
2, 209278, Note_on_c, 0, 53, 0
2, 209279, Note_on_c, 0, 41, 0
2, 209376, Control_c, 0, 2, 63
2, 209528, Control_c, 0, 2, 62
2, 209680, Control_c, 0, 2, 61
2, 209832, Control_c, 0, 2, 60
2, 209984, Control_c, 0, 2, 59
2, 210721, Control_c, 0, 64, 0
2, 210960, Note_on_c, 0, 42, 58
2, 210962, Note_on_c, 0, 49, 58
2, 210962, Control_c, 0, 64, 127
2, 210966, Note_on_c, 0, 54, 58
2, 213600, Control_c, 0, 2, 58
2, 213744, Control_c, 0, 2, 57
2, 213888, Control_c, 0, 2, 56
2, 214032, Control_c, 0, 2, 55
2, 214176, Control_c, 0, 2, 54
2, 214320, Control_c, 0, 2, 53
2, 214390, Note_on_c, 0, 49, 0
2, 214391, Note_on_c, 0, 42, 0
2, 214391, Note_on_c, 0, 54, 0
2, 214464, Control_c, 0, 2, 52
2, 214608, Control_c, 0, 2, 51
2, 214752, Control_c, 0, 2, 50
2, 214800, Note_on_c, 0, 46, 50
2, 214800, Note_on_c, 0, 58, 50
2, 214801, Control_c, 0, 64, 0
2, 214802, Control_c, 0, 64, 127
2, 214896, Control_c, 0, 2, 49
2, 218219, Note_on_c, 0, 46, 0
2, 218219, Note_on_c, 0, 58, 0
2, 218400, Note_on_c, 0, 44, 48
2, 218400, Note_on_c, 0, 56, 48
2, 218401, Control_c, 0, 64, 0
2, 218402, Control_c, 0, 64, 127
2, 221591, Note_on_c, 0, 44, 0
2, 221591, Note_on_c, 0, 56, 0
2, 222120, Note_on_c, 0, 39, 48
2, 222121, Control_c, 0, 64, 0
2, 222122, Control_c, 0, 64, 127
2, 222240, Note_on_c, 0, 51, 48
2, 224519, Note_on_c, 0, 39, 0
2, 224519, Note_on_c, 0, 51, 0
2, 225000, Note_on_c, 0, 41, 48
2, 225001, Control_c, 0, 64, 0
2, 225002, Control_c, 0, 64, 127
2, 225120, Note_on_c, 0, 53, 48
2, 226031, Note_on_c, 0, 41, 0
2, 226031, Note_on_c, 0, 53, 0
2, 226080, Note_on_c, 0, 42, 48
2, 226080, Note_on_c, 0, 54, 48
2, 226081, Control_c, 0, 64, 0
2, 226082, Control_c, 0, 64, 127
2, 229727, Note_on_c, 0, 42, 0
2, 229727, Note_on_c, 0, 54, 0
2, 229920, Note_on_c, 0, 46, 48
2, 229920, Note_on_c, 0, 58, 48
2, 229921, Control_c, 0, 64, 0
2, 229922, Control_c, 0, 64, 127
2, 233567, Note_on_c, 0, 46, 0
2, 233567, Note_on_c, 0, 58, 0
2, 233760, Note_on_c, 0, 44, 48
2, 233760, Note_on_c, 0, 56, 48
2, 233761, Control_c, 0, 64, 0
2, 233762, Control_c, 0, 64, 127
2, 237407, Note_on_c, 0, 44, 0
2, 237407, Note_on_c, 0, 56, 0
2, 237600, Note_on_c, 0, 41, 48
2, 237600, Note_on_c, 0, 53, 48
2, 237601, Control_c, 0, 64, 0
2, 237602, Control_c, 0, 64, 127
2, 241247, Note_on_c, 0, 41, 0
2, 241247, Note_on_c, 0, 53, 0
2, 241440, Note_on_c, 0, 46, 32
2, 241440, Note_on_c, 0, 58, 32
2, 241441, Control_c, 0, 64, 0
2, 241442, Control_c, 0, 64, 127
2, 247367, Note_on_c, 0, 46, 0
2, 247367, Note_on_c, 0, 58, 0
2, 247680, Control_c, 0, 64, 0
2, 247681, End_track
0, 0, End_of_file
